2.0674961345403369e+00
2.0661902824440150e+00
2.0660601556441711e+00
2.0647276770312732e+00
2.0633892513644208e+00
2.0658094677772190e+00
2.0678278743375795e+00
2.0642448558670630e+00
2.0655160163565824e+00
2.0659807780592065e+00
2.0670357121912204e+00
2.0695813287480207e+00
2.0682086625455152e+00
2.0723613168699946e+00
2.0660695897298957e+00
2.0657115218040523e+00
2.0650988409119346e+00
2.0663277752742140e+00
2.0626960550546993e+00
2.0687755267329728e+00
2.0688642441669836e+00
2.0656478284476800e+00
2.0694629476319140e+00
2.0658281478614193e+00
2.0671395251055253e+00
2.0652313717887361e+00
2.0649653411713049e+00
2.0672458407484053e+00
2.0644646740363881e+00
2.0627418331674554e+00
2.0633479219872126e+00
2.0667524463611353e+00
2.0683742547524648e+00
2.0664966214302907e+00
2.0673082880849130e+00
2.0696917043675378e+00
2.0665198655185142e+00
2.0663102871432599e+00
2.0678202287677014e+00
2.0680334650940346e+00
2.0666631813569141e+00
2.0655018738638744e+00
2.0671603658075099e+00
2.0719951998060284e+00
2.0674632087596145e+00
2.0662563947353880e+00
2.0674355716988058e+00
2.0671170321327188e+00
2.0708536475037076e+00
2.0683675856568216e+00
2.0695615775184444e+00
2.0662806834665131e+00
2.0670651500246016e+00
2.0667625612327822e+00
2.0673804817071422e+00
2.0684565616825874e+00
2.0670895650677727e+00
2.0693322778073959e+00
2.0701123900835339e+00
2.0651980346571031e+00
2.0619042897414483e+00
2.0696661235298346e+00
2.0668014679160929e+00
2.0625441900210757e+00
2.0679252547159170e+00
2.0671582518957514e+00
2.0665129912473739e+00
2.0638068000422281e+00
2.0690843729167199e+00
2.0692411199626193e+00
2.0658278127866740e+00
2.0652987664015008e+00
2.0641729085115847e+00
2.0713216183570249e+00
2.0659304477821512e+00
2.0663867257945787e+00
2.0636715025759313e+00
2.0676934575693946e+00
2.0716605414828426e+00
2.0694050857010460e+00
2.0667360465029034e+00
2.0694169649145731e+00
2.0679393100755141e+00
2.0629947091992946e+00
2.0650346484181092e+00
2.0651592218419101e+00
2.0706916289958515e+00
2.0658931899816930e+00
2.0677315326651211e+00
2.0673363325730327e+00
2.0736194502958170e+00
2.0670384944587012e+00
2.0675656171899837e+00
2.0657774417516923e+00
2.0695860162735822e+00
2.0723648647516870e+00
2.0662274596910222e+00
2.0643300107541638e+00
2.0668086498134772e+00
2.0682333536755162e+00
2.0681528559527926e+00
2.0682454876833014e+00
2.0668835680110988e+00
2.0655963608223531e+00
2.0654021568312539e+00
2.0650112252594481e+00
2.0660309895042310e+00
2.0632189535715950e+00
2.0681173683636263e+00
2.0678140426306961e+00
2.0679144801022753e+00
2.0655824870300710e+00
2.0636746043596550e+00
2.0685713981170739e+00
2.0653732095044606e+00
2.0671180205490214e+00
2.0686213487939926e+00
2.0669311639754606e+00
2.0646103754902483e+00
2.0661778926694456e+00
2.0646025013653273e+00
2.0675571473487082e+00
2.0673097406462442e+00
2.0680999612265745e+00
2.0671087773226069e+00
2.0646571446004072e+00
2.0666145938536067e+00
2.0640840330157038e+00
2.0702079546156296e+00
2.0674090293501273e+00
2.0667466673642410e+00
2.0679408135308002e+00
2.0706652167378348e+00
2.0671350274858984e+00
2.0651399813678339e+00
2.0680106004809007e+00
2.0691395063612146e+00
2.0689172866714660e+00
2.0689401335031383e+00
2.0697834737632141e+00
2.0667601837981491e+00
2.0678520576232331e+00
2.0678424363846175e+00
2.0697001772737735e+00
2.0711562169063114e+00
2.0697668364270627e+00
2.0646611319854626e+00
2.0673386540756851e+00
2.0650058532336488e+00
2.0701160189716021e+00
2.0668720444459407e+00
2.0626092185589613e+00
2.0677015172555744e+00
2.0665424071413345e+00
2.0677950630545303e+00
2.0703951422196192e+00
2.0635256233410275e+00
2.0704231655766439e+00
2.0670383640427148e+00
2.0675843667500842e+00
2.0679667190035045e+00
2.0676709247526892e+00
2.0652346582403251e+00
2.0664126005276486e+00
2.0703150816218043e+00
2.0664587789482418e+00
2.0694628972501037e+00
2.0696209984988294e+00
2.0686321322290642e+00
2.0673627003087494e+00
2.0662749203167770e+00
2.0710876314403532e+00
2.0650092798650004e+00
2.0696605516997897e+00
2.0656552955976415e+00
2.0698918715187955e+00
2.0654928272921897e+00
2.0677133754532178e+00
2.0669998680501767e+00
2.0687447045361158e+00
2.0640755495288174e+00
2.0687229320956138e+00
2.0677605788678881e+00
2.0681574797754272e+00
2.0711447021704643e+00
2.0640558170138332e+00
2.0649015155057149e+00
2.0619054649750574e+00
2.0673703296264603e+00
2.0662698688219434e+00
2.0643001500389584e+00
2.0690893883470962e+00
2.0671191369636843e+00
2.0671714871797406e+00
2.0632480668586513e+00
2.0646677697121310e+00
2.0690038980580918e+00
2.0674876351269913e+00
2.0693742372482440e+00
2.0683866317063315e+00
2.0657047537483284e+00
2.0683726440302084e+00
2.0639156797402864e+00
2.0649147515747939e+00
2.0688647492122505e+00
2.0650945685941764e+00
2.0708434641131661e+00
2.0645377945268728e+00
2.0656274520132079e+00
2.0648620889113554e+00
2.0648081073000433e+00
2.0644875567518599e+00
2.0684718573017684e+00
2.0645694456899641e+00
2.0665003549903997e+00
2.0697864788867260e+00
2.0688389728984276e+00
2.0664149084803078e+00
2.0705202356998700e+00
2.0636164590916892e+00
2.0630733820221137e+00
2.0667387048519616e+00
2.0673983205373556e+00
2.0641078353735649e+00
2.0622954768321882e+00
2.0654619469605220e+00
2.0685842367184639e+00
2.0668140117878484e+00
2.0643974988792992e+00
2.0685599220502180e+00
2.0677731404197828e+00
2.0664616472738424e+00
2.0637569300142644e+00
2.0663214905323941e+00
2.0649618514269039e+00
2.0670503653591763e+00
2.0639709300435150e+00
2.0677857540009250e+00
2.0646298778846770e+00
2.0657700523482601e+00
2.0662378420807266e+00
2.0654441568657047e+00
2.0683504409301174e+00
2.0643291861385102e+00
2.0655950533175109e+00
2.0674955796431695e+00
2.0672031830585222e+00
2.0671831932019931e+00
2.0641947442950817e+00
2.0686780235107824e+00
2.0719833538269996e+00
2.0661686383844531e+00
2.0635758495865320e+00
2.0668955087824679e+00
2.0638852892050212e+00
2.0675432200210335e+00
2.0692195231394499e+00
2.0684583370690448e+00
2.0681245843389355e+00
2.0680308076439604e+00
2.0656942058216687e+00
2.0672110028564368e+00
2.0693549039977426e+00
2.0718846557841970e+00
2.0673953605532329e+00
2.0681354305473927e+00
2.0648808349184584e+00
2.0655053219827693e+00
2.0681580217855440e+00
2.0646821647525253e+00
2.0647396956029858e+00
2.0664409953548950e+00
2.0673691097416582e+00
2.0645500725102264e+00
2.0668198822244062e+00
2.0661491032523283e+00
2.0683086303712903e+00
2.0651460916593538e+00
2.0655634938097580e+00
2.0680225268809616e+00
2.0665648409926178e+00
2.0652400552959871e+00
2.0687075121128125e+00
2.0631908874411331e+00
2.0643799783358809e+00
2.0653411045383359e+00
2.0662262674191858e+00
2.0656222439051408e+00
2.0669577386498625e+00
2.0683577416278633e+00
2.0675755455008979e+00
2.0659766697500626e+00
2.0676965821196620e+00
2.0687066289053782e+00
2.0706308842445380e+00
2.0688820249126167e+00
2.0633279633008890e+00
2.0644657527603729e+00
2.0677591455821087e+00
2.0679433847460928e+00
2.0681917783256281e+00
2.0654195971848632e+00
2.0638604007080201e+00
2.0659449554894240e+00
2.0663049174567094e+00
2.0699452601139767e+00
2.0698952011821232e+00
2.0655853404851761e+00
2.0672734829624493e+00
2.0698319999389234e+00
2.0686990836845265e+00
2.0663692836497529e+00
2.0664527725120645e+00
2.0689865740131261e+00
2.0669788461100711e+00
2.0661008115010659e+00
2.0652736152315483e+00
2.0654271028953066e+00
2.0669860256567847e+00
2.0663767022583710e+00
2.0682778168255016e+00
2.0664218665381262e+00
2.0664250684863235e+00
2.0682105541790188e+00
2.0666371288829528e+00
2.0657475164582220e+00
2.0649330907914716e+00
2.0695803562628154e+00
2.0710574260656025e+00
2.0675036299292882e+00
2.0690807035654011e+00
2.0677126086496904e+00
2.0636637039723595e+00
2.0659707351748935e+00
2.0666324984120568e+00
2.0662305056033370e+00
2.0704607471731862e+00
2.0676276931377591e+00
2.0688761974342715e+00
2.0695705463622716e+00
2.0662916390219226e+00
2.0678440094586308e+00
2.0681468693124088e+00
2.0706051979136610e+00
2.0696718197597548e+00
2.0652336090820183e+00
2.0653183363642005e+00
2.0701864889127539e+00
2.0700704338931692e+00
2.0672552669011859e+00
2.0638002587106290e+00
2.0656317969105706e+00
2.0660713151205337e+00
2.0671412788379460e+00
2.0659777136064292e+00
2.0645161839972395e+00
2.0666519222244184e+00
2.0702319728138376e+00
2.0674007654499049e+00
2.0675107740707741e+00
2.0662591221070330e+00
2.0660697323174988e+00
2.0703433805804150e+00
2.0653666413698626e+00
2.0651952818039589e+00
2.0675665241888956e+00
2.0681689242667716e+00
2.0673443269022376e+00
2.0702314601347194e+00
2.0685847143818350e+00
2.0675494501167719e+00
2.0668019646586493e+00
2.0657927889313474e+00
2.0671355818061428e+00
2.0675572775365185e+00
2.0715028917009177e+00
2.0654507977944268e+00
2.0689281233736252e+00
2.0662318173957792e+00
2.0671174955581186e+00
2.0674209149044707e+00
2.0668047287979596e+00
2.0691893264583547e+00
2.0701445143898347e+00
2.0691302478627303e+00
2.0653903601954675e+00
2.0694120913931706e+00
2.0616716729529960e+00
2.0674737726325239e+00
2.0641690731773714e+00
2.0675506045677761e+00
2.0660397205640622e+00
2.0615339062689002e+00
2.0668846971159631e+00
2.0655905313161882e+00
2.0678178003600260e+00
2.0652628233563877e+00
2.0664594987683418e+00
2.0652019316498844e+00
2.0673263187368449e+00
2.0674771555928912e+00
2.0681361916768499e+00
2.0669527725476300e+00
2.0659433920289367e+00
2.0691810569963569e+00
2.0711062082890797e+00
2.0673687474955389e+00
2.0690556879835378e+00
2.0690614954436226e+00
2.0676481096690247e+00
2.0664844064785974e+00
2.0656027408909621e+00
2.0686331581936046e+00
2.0726495633832851e+00
2.0668465575068176e+00
2.0673116794739941e+00
2.0649817471098082e+00
2.0666912736065144e+00
2.0669684809432138e+00
2.0682156566541789e+00
2.0685839158556192e+00
2.0656101447985540e+00
2.0654249547626669e+00
2.0646117852384331e+00
2.0635829356983426e+00
2.0649210546499392e+00
2.0647489605333225e+00
2.0642607755856255e+00
2.0662567373529894e+00
2.0678060026313667e+00
2.0667695201621163e+00
2.0655262971791690e+00
2.0624259285278281e+00
2.0699432755335008e+00
2.0648036117239759e+00
2.0641241400528276e+00
2.0663149185566256e+00
2.0692790686193985e+00
2.0672076171658573e+00
2.0638299966363038e+00
2.0683806065415991e+00
2.0636382535911588e+00
2.0646683043993761e+00
2.0676056039376469e+00
2.0709520975426461e+00
2.0673509234777097e+00
2.0651974687013221e+00
2.0686309084207957e+00
2.0683663324790871e+00
2.0679835347352888e+00
2.0639031220419426e+00
2.0641931380229743e+00
2.0667864181926099e+00
2.0646143421865562e+00
2.0679565887838969e+00
2.0643617348796846e+00
2.0653550239215717e+00
2.0687959578542698e+00
2.0676522497590106e+00
2.0660405220435138e+00
2.0675924545112849e+00
2.0654277575097351e+00
2.0652917292154611e+00
2.0640059412323501e+00
2.0663463233289816e+00
2.0663475317183226e+00
2.0668906014753481e+00
2.0621325142896230e+00
2.0642787812386962e+00
2.0678883305784468e+00
2.0684464567404142e+00
2.0669749658750955e+00
2.0666660469460285e+00
2.0687809941368158e+00
2.0664654128921707e+00
2.0664596477175228e+00
2.0714205434138218e+00
2.0666052872723983e+00
2.0666061524859898e+00
2.0659573993533433e+00
2.0667397541932195e+00
2.0689909660569596e+00
2.0651414237413093e+00
2.0655431111893816e+00
2.0682988421656003e+00
2.0670416487670993e+00
2.0697750590810688e+00
2.0666337941345518e+00
2.0690380770302053e+00
2.0673442349870559e+00
2.0643077171079254e+00
2.0650034956660650e+00
2.0658114644049541e+00
2.0662462993459472e+00
2.0657599535057534e+00
2.0650957344075738e+00
2.0723419631079327e+00
2.0673809403695462e+00
2.0615516048158504e+00
2.0679129752509580e+00
2.0680269649518430e+00
2.0653903805626856e+00
2.0672804826498798e+00
2.0649959723102622e+00
2.0676202676754785e+00
2.0669022698895483e+00
2.0675153401601283e+00
2.0678844268592180e+00
2.0658443593129481e+00
2.0645157222969321e+00
2.0654603122842432e+00
2.0651009616909426e+00
2.0673983171285850e+00
2.0671136689631098e+00
2.0680435718602919e+00
2.0676739421622727e+00
2.0697211273214702e+00
2.0658321482663697e+00
2.0681873060229705e+00
2.0679095386619166e+00
2.0653890556434891e+00
2.0684757327946190e+00
2.0697269669384561e+00
2.0667444102452022e+00
2.0681365491995480e+00
2.0700913894838080e+00
2.0658535866440642e+00
2.0684391504431758e+00
2.0626491962706117e+00
2.0676378138630915e+00
2.0682980813760432e+00
2.0635355499438508e+00
2.0677132611082172e+00
2.0648214547245387e+00
2.0659298182473242e+00
2.0683646201409940e+00
2.0655712493856933e+00
2.0678290078312518e+00
2.0704475076599715e+00
2.0635110937014685e+00
2.0629560442875747e+00
2.0675982826681998e+00
2.0699465255070972e+00
2.0674494907647438e+00
2.0652916065511739e+00
2.0674702848259696e+00
2.0715586777166606e+00
2.0646210473604869e+00
2.0682568067352189e+00
2.0663883727103229e+00
2.0638899302342590e+00
2.0682807444859916e+00
2.0641987207147352e+00
2.0695790112779475e+00
2.0689453372488296e+00
2.0695315039015600e+00
2.0659472220326691e+00
2.0629712181161852e+00
2.0722718813269281e+00
2.0674574971934483e+00
2.0673195971666800e+00
2.0667347858909451e+00
2.0676976873243018e+00
2.0692444039075104e+00
2.0682949995793196e+00
2.0701395398298899e+00
2.0666491590571825e+00
2.0674397529058406e+00
2.0689327500905668e+00
2.0675613992866051e+00
2.0699109645480722e+00
2.0677592645598941e+00
2.0670338521520599e+00
2.0665608543001119e+00
2.0659177878294201e+00
2.0683137021258893e+00
2.0692980821552109e+00
2.0670558623017876e+00
2.0653594513138409e+00
2.0694442731360492e+00
2.0681331809239150e+00
2.0679514123513205e+00
2.0673926033160255e+00
2.0654764101896821e+00
2.0647553566699499e+00
2.0641863293839449e+00
2.0683260808587480e+00
2.0671409623561465e+00
2.0671456229426468e+00
2.0623179525219997e+00
2.0640286370765266e+00
2.0643380733889685e+00
2.0671175234572940e+00
2.0637866359419932e+00
2.0619920761712471e+00
2.0642970473938722e+00
2.0666379051538599e+00
2.0628902051367124e+00
2.0661086095670345e+00
2.0658857884939827e+00
2.0648418580036325e+00
2.0644402725221762e+00
2.0644028177858611e+00
2.0639631937136915e+00
2.0646280293640737e+00
2.0676337522651926e+00
2.0715824941684762e+00
2.0683096328821726e+00
2.0663340186154051e+00
2.0687053002828861e+00
2.0655280534858949e+00
2.0678224142898425e+00
2.0657346463627815e+00
2.0669434009001573e+00
2.0629551879227654e+00
2.0657017306353516e+00
2.0650575694115889e+00
2.0686720372685961e+00
2.0679123036084173e+00
2.0667915580803964e+00
2.0631564539447447e+00
2.0691672669723147e+00
2.0669930753800823e+00
2.0672384646867852e+00
2.0685800753236783e+00
2.0660222483824113e+00
2.0668362157396976e+00
2.0698361810562953e+00
2.0685880787635913e+00
2.0655556997358877e+00
2.0676923862679337e+00
2.0678757295564827e+00
2.0661459049227631e+00
2.0641468924201072e+00
2.0678500095624610e+00
2.0678828087003445e+00
2.0685311481664233e+00
2.0617574178380256e+00
2.0675758284502113e+00
2.0675208116676944e+00
2.0674804292389379e+00
2.0654687986035349e+00
2.0684276901665219e+00
2.0682055783861326e+00
2.0665681182998243e+00
2.0653781641466638e+00
2.0678180139081164e+00
2.0638900406352461e+00
2.0670693896396686e+00
2.0677309460003195e+00
2.0676694723548525e+00
2.0637779818799991e+00
2.0680675677856359e+00
2.0653317927118109e+00
2.0669683291793199e+00
2.0675291034164913e+00
2.0655760709055677e+00
2.0668243659089676e+00
2.0688564692172466e+00
2.0686071027922708e+00
2.0669114711583294e+00
2.0661633679051157e+00
2.0644753144536341e+00
2.0697824403919416e+00
2.0660850035805551e+00
2.0660295785879481e+00
2.0693839862334031e+00
2.0685459148503882e+00
2.0659398068875920e+00
2.0655921081127673e+00
2.0675462816511057e+00
2.0695166503605686e+00
2.0657241563676529e+00
2.0682203550655625e+00
2.0676746314184320e+00
2.0676246808713059e+00
2.0713669602369102e+00
2.0663315724421474e+00
2.0680399563061762e+00
2.0677198730369626e+00
2.0661121074519571e+00
2.0640515398809036e+00
2.0658751515984641e+00
2.0644294029660908e+00
2.0639769233874090e+00
2.0643284723199558e+00
2.0668311174087610e+00
2.0674788604201280e+00
2.0664942397491903e+00
2.0672100454594156e+00
2.0666150522858175e+00
2.0688373567333977e+00
2.0637647892370428e+00
2.0688960393433109e+00
2.0676343497563772e+00
2.0672748878300999e+00
2.0688456457919124e+00
2.0663584055411399e+00
2.0707663495713393e+00
2.0694681279876996e+00
2.0661961085876364e+00
2.0678098178197097e+00
2.0665895499529894e+00
2.0652340640228513e+00
2.0656913305870677e+00
2.0666240223445649e+00
2.0659098645814011e+00
2.0684408149826723e+00
2.0674836502532066e+00
2.0662734861821899e+00
2.0701208446475405e+00
2.0699572297128337e+00
2.0693474381591055e+00
2.0649502500754982e+00
2.0694289356293116e+00
2.0696518456088420e+00
2.0674773268291715e+00
2.0604714107775197e+00
2.0659584011739125e+00
2.0664859732439544e+00
2.0648007570068283e+00
2.0674085903852415e+00
2.0626981493189636e+00
2.0652696050543873e+00
2.0688977442729062e+00
2.0668020295702036e+00
2.0674347680736900e+00
2.0650117675467627e+00
2.0658154269633191e+00
2.0663178498380330e+00
2.0664333426008112e+00
2.0673506773615649e+00
2.0653081621098535e+00
2.0615805115268762e+00
2.0668228084590932e+00
2.0679018578192330e+00
2.0652808506711682e+00
2.0704228973802858e+00
2.0668932180480435e+00
2.0656630156684286e+00
2.0676905586324570e+00
2.0669866729704576e+00
2.0675825561102510e+00
2.0684843929364463e+00
2.0659058072185088e+00
2.0661356062457190e+00
2.0666570465099241e+00
2.0665652378856882e+00
2.0637371272787806e+00
2.0650277177804512e+00
2.0686261801599657e+00
2.0649246869210267e+00
2.0669984317118781e+00
2.0710650874771184e+00
2.0651164130522819e+00
2.0641378844686593e+00
2.0641296955269515e+00
2.0699304263647780e+00
2.0658145444676044e+00
2.0683956015124894e+00
2.0639627455691816e+00
2.0661783510267089e+00
2.0660306274001736e+00
2.0695414766113158e+00
2.0688654256803138e+00
2.0646436454652775e+00
2.0677547800877183e+00
2.0665595623576825e+00
2.0645458518830142e+00
2.0681964442859981e+00
2.0667231886987207e+00
2.0653497339003795e+00
2.0668358486040517e+00
2.0687059585479926e+00
2.0645815133668139e+00
2.0655090593458048e+00
2.0673910176636974e+00
2.0696355163414242e+00
2.0722000421738072e+00
2.0641042373254597e+00
2.0645945367434568e+00
2.0658565977184837e+00
2.0693994245081977e+00
2.0695966364013780e+00
2.0695425165305719e+00
2.0633255636461496e+00
2.0708490009075438e+00
2.0682328145377613e+00
2.0648694263890541e+00
2.0663871137646539e+00
2.0675544654583597e+00
2.0675238693989333e+00
2.0691301867559275e+00
2.0717731088966018e+00
2.0672322140374941e+00
2.0656559851217069e+00
2.0676750355583837e+00
2.0649770926387361e+00
2.0627701973162633e+00
2.0683248449291725e+00
2.0671583963222697e+00
2.0660976573034961e+00
2.0666917977165031e+00
2.0660284652330505e+00
2.0678718139481642e+00
2.0693774771000388e+00
2.0652502897413605e+00
2.0658426022199579e+00
2.0665698943294117e+00
2.0677543166114760e+00
2.0679362642333823e+00
2.0652993552165118e+00
2.0680235541963383e+00
2.0664212287515293e+00
2.0703303192440985e+00
2.0660184660764815e+00
2.0658095965233598e+00
2.0667707393794639e+00
2.0673074883001430e+00
2.0652473981793098e+00
2.0649221303149514e+00
2.0622498571368948e+00
2.0672828030565107e+00
2.0680504081289937e+00
2.0644255657086799e+00
2.0647105741979339e+00
2.0599789498860814e+00
2.0648345792845295e+00
2.0651133645954864e+00
2.0655203773911315e+00
2.0634147528014637e+00
2.0650944327145604e+00
2.0629990482274572e+00
2.0660917009398401e+00
2.0625058670739960e+00
2.0612883462897558e+00
2.0634699025738836e+00
2.0634233926422638e+00
2.0652930946419690e+00
2.0631319335289020e+00
2.0598198004293611e+00
2.0669049327174656e+00
2.0641022040733357e+00
2.0690681177086812e+00
2.0670744179104172e+00
2.0682057411884140e+00
2.0646392885604596e+00
2.0678890063022783e+00
2.0693472302589009e+00
2.0644411590412299e+00
2.0640692029052672e+00
2.0681834778725787e+00
2.0706392635714357e+00
2.0658603699579658e+00
2.0633170654981661e+00
2.0657582542455994e+00
2.0663996346365900e+00
2.0662670227246398e+00
2.0685748467993328e+00
2.0614362372089183e+00
2.0659174825476279e+00
2.0692359816981400e+00
2.0658351046541830e+00
2.0634683289163540e+00
2.0668081455808403e+00
2.0637703087526416e+00
2.0658736681733658e+00
2.0643285464603740e+00
2.0627234274156332e+00
2.0634892034434862e+00
2.0702516217014204e+00
2.0658090458315073e+00
2.0656376899816178e+00
2.0644149835973180e+00
2.0668268400331553e+00
2.0652421100312477e+00
2.0674681392482266e+00
2.0644074315720347e+00
2.0674394082313783e+00
2.0664309911862255e+00
2.0679292903171862e+00
2.0657315231043083e+00
2.0665764924146077e+00
2.0621475210457416e+00
2.0656376422891976e+00
2.0662084421581559e+00
2.0654893581830112e+00
2.0667648630994093e+00
2.0675773421269512e+00
2.0720259871440700e+00
2.0679556414772899e+00
2.0663392443732937e+00
2.0645745017801538e+00
2.0684127612389109e+00
2.0691581996370227e+00
2.0647212401309449e+00
2.0669471474362235e+00
2.0672540009423970e+00
2.0673564970895626e+00
2.0667847389857741e+00
2.0662016050192760e+00
2.0687490318720267e+00
2.0662114970223109e+00
2.0626124189180213e+00
2.0678570160320047e+00
2.0682689694049778e+00
2.0652522693478081e+00
2.0642277506112796e+00
2.0673161730768932e+00
2.0686666832550316e+00
2.0677013116220029e+00
2.0652532245312560e+00
2.0636824133647864e+00
2.0648575478591003e+00
2.0663743285858764e+00
2.0683286468269926e+00
2.0632487491410427e+00
2.0639250587603883e+00
2.0663983809516346e+00
2.0660362892801905e+00
2.0648004293425193e+00
2.0649494139011257e+00
2.0650636342917985e+00
2.0654705297820333e+00
2.0667763141385236e+00
2.0638950562498848e+00
2.0631760054120130e+00
2.0614514582874830e+00
2.0658168239688783e+00
2.0633629450668289e+00
2.0647878306878011e+00
2.0637200910467763e+00
2.0669255839485197e+00
2.0607022430816131e+00
2.0688021193186441e+00
2.0672372288094802e+00
2.0674073731149556e+00
2.0687964110100285e+00
2.0676219189956928e+00
2.0698118322637469e+00
2.0673227890325414e+00
2.0662579373811494e+00
2.0676474056231733e+00
2.0656984098771272e+00
2.0671950851714138e+00
2.0635333539388068e+00
2.0687808536635921e+00
2.0666964779989314e+00
2.0651226535570273e+00
2.0658173246146840e+00
2.0663085638344274e+00
2.0672085214028777e+00
2.0655455171703543e+00
2.0675011696334957e+00
2.0696441961960845e+00
2.0597815504193888e+00
2.0633568341755222e+00
2.0666736911985151e+00
2.0661084676877226e+00
2.0666531135463715e+00
2.0715001480291315e+00
2.0662581387071204e+00
2.0653045004536512e+00
2.0673872995467018e+00
2.0656769409527844e+00
2.0686265260207262e+00
2.0663425250834702e+00
2.0666744634006551e+00
2.0683275866755415e+00
2.0676205901332740e+00
2.0677494337375610e+00
2.0674788164467390e+00
2.0689589412033631e+00
2.0674268575656414e+00
2.0657904887147969e+00
2.0649748835416095e+00
2.0638898724934491e+00
2.0659843027760760e+00
2.0630681984157779e+00
2.0656895638174460e+00
2.0656790461822951e+00
2.0683538467233107e+00
2.0648629094516400e+00
2.0681663662972896e+00
2.0692130404768219e+00
2.0676887826386614e+00
2.0709685282123709e+00
2.0673641191378764e+00
2.0676020595347295e+00
2.0653865862952436e+00
2.0690454730398193e+00
2.0686343178586033e+00
2.0711917913067670e+00
2.0667566724482378e+00
2.0675494276253961e+00
2.0704453414406987e+00
2.0652083459622106e+00
2.0681193818344834e+00
2.0678286983150973e+00
2.0681921881459355e+00
2.0655833795507736e+00
2.0669582894267648e+00
2.0657092421416849e+00
2.0669189919693056e+00
2.0682164551673896e+00
2.0668867064945187e+00
2.0645698472675025e+00
2.0644319234724260e+00
2.0634791135342612e+00
2.0642168066598487e+00
2.0608549810617114e+00
2.0621087569351673e+00
2.0610852246141520e+00
2.0651737460050867e+00
2.0673274465772660e+00
2.0619364728733802e+00
2.0672701632067265e+00
2.0618766930311239e+00
2.0656984782799621e+00
2.0696825737433784e+00
2.0655480647811055e+00
2.0652886335432230e+00
2.0654984207837237e+00
2.0691302134390539e+00
2.0675500032221712e+00
2.0657050008364344e+00
2.0647073897702826e+00
2.0661999218432485e+00
2.0661650254672002e+00
2.0658925636600203e+00
2.0660078784490765e+00
2.0694716094372949e+00
2.0666696642601701e+00
2.0628406669274799e+00
2.0659979225490255e+00
2.0682946535842803e+00
2.0635876261547783e+00
2.0656225403612480e+00
2.0659735772054595e+00
2.0692810867618583e+00
2.0669306500259945e+00
2.0669200731533564e+00
2.0656306240224072e+00
2.0661001486297912e+00
2.0678054668605288e+00
2.0685631017284565e+00
2.0679655207117800e+00
2.0673999543935309e+00
2.0674095910332699e+00
2.0650130274284919e+00
2.0663267527554843e+00
2.0659429240157632e+00
2.0679936590315449e+00
2.0641756437408207e+00
2.0694828720725469e+00
2.0689941973094772e+00
2.0641681067641673e+00
2.0646994812452406e+00
2.0663800109947710e+00
2.0666082637905467e+00
2.0684247428254050e+00
2.0666584929945224e+00
2.0719154060244112e+00
2.0647353456016106e+00
2.0657626191729723e+00
2.0666425273427289e+00
2.0693330078495529e+00
2.0644676555626216e+00
2.0677130067685376e+00
2.0670746792875598e+00
2.0648594438920678e+00
2.0662616251772667e+00
2.0625065128848323e+00
2.0697083059790802e+00
2.0666064171031859e+00
2.0673048096120712e+00
2.0675960583095017e+00
2.0675495246259223e+00
2.0679637112269988e+00
2.0679828924872674e+00
2.0692704621075904e+00
2.0647550238759940e+00
2.0663773174018112e+00
2.0688137093351613e+00
2.0629301899728296e+00
2.0678599823429096e+00
2.0651170672613017e+00
2.0683601678945980e+00
2.0675279879420763e+00
2.0666588327204849e+00
2.0694109052985588e+00
2.0669913819583030e+00
2.0712170759708357e+00
2.0672817282591041e+00
2.0711010880042555e+00
2.0682019913410623e+00
2.0707699989870409e+00
2.0673578914129318e+00
2.0691391012456530e+00
2.0703532594377436e+00
2.0666931371311286e+00
2.0680242698457145e+00
2.0635190544934461e+00
2.0650370855401703e+00
2.0673241207367123e+00
2.0636465505939707e+00
2.0671729990334682e+00
2.0663770879823127e+00
2.0679119154122376e+00
2.0652458123984707e+00
2.0643688830099651e+00
2.0621271615676853e+00
2.0636390071900981e+00
2.0693549217178564e+00
2.0627501589815838e+00
2.0686919335568739e+00
2.0649080103022364e+00
2.0675153165240689e+00
2.0665681480257168e+00
2.0649547548606253e+00
2.0667509263985480e+00
2.0641962524075823e+00
2.0668576082244789e+00
2.0696472144068552e+00
2.0728618742662746e+00
2.0678165773215480e+00
2.0627280581589496e+00
2.0671252324599165e+00
2.0643860010012118e+00
2.0689191641420295e+00
2.0671352015511677e+00
2.0671992885688817e+00
2.0660482032761727e+00
2.0710937276823698e+00
2.0711854789497259e+00
2.0698058546367606e+00
2.0662962451715914e+00
2.0671574546464409e+00
2.0654645651175838e+00
2.0682136543068199e+00
2.0676242963069682e+00
2.0695131781943767e+00
2.0627064885000173e+00
2.0673860287190866e+00
2.0693283589409819e+00
2.0636728726635312e+00
2.0670371810953956e+00
2.0680959766666107e+00
2.0698748579642330e+00
2.0661002807212241e+00
2.0730171712553180e+00
2.0639818377402217e+00
2.0632703940370800e+00
2.0653013603169779e+00
2.0693998093981860e+00
2.0669192319881411e+00
2.0666858275039726e+00
2.0671521415099252e+00
2.0677372386090997e+00
2.0690475551087242e+00
2.0657073890126951e+00
2.0674408877828636e+00
2.0637979442805330e+00
2.0661224872169583e+00
2.0652705167206298e+00
2.0672061732421985e+00
2.0645251075943647e+00
2.0657973326455146e+00
2.0678472655983735e+00
2.0667712851946334e+00
2.0648404133183416e+00
2.0654411130241037e+00
2.0654266923124758e+00
2.0657577410309043e+00
2.0673077154470207e+00
2.0633076393995862e+00
2.0656915877049618e+00
2.0657986462287088e+00
2.0683423810558010e+00
2.0683698417196648e+00
2.0653997602524856e+00
2.0674018030939276e+00
2.0661819495662321e+00
2.0684759321167987e+00
2.0689562785597206e+00
2.0681405084449813e+00
2.0690382226508275e+00
2.0670979788904233e+00
2.0680319948053891e+00
2.0697168951632272e+00
2.0667732658997271e+00
2.0689177369241070e+00
2.0670361417145693e+00
2.0677836347236251e+00
2.0661905396806444e+00
2.0677064817782269e+00
2.0670357172294693e+00
2.0660049070774322e+00
2.0700706154020683e+00
2.0657713489383558e+00
2.0659890065809154e+00
2.0665083311188015e+00
2.0693307574006075e+00
2.0630772765358789e+00
2.0675697734608511e+00
2.0643636736605071e+00
2.0638744016502244e+00
2.0661885283613635e+00
2.0688191190369287e+00
2.0666516474065890e+00
2.0662678627569315e+00
2.0651494883305954e+00
2.0648326432727107e+00
2.0656968298921656e+00
2.0653781606253769e+00
2.0676481677164151e+00
2.0679142098293082e+00
2.0673380845001748e+00
2.0661337800611044e+00
2.0663922825449741e+00
2.0666305721681386e+00
2.0668617256279158e+00
2.0704908406066109e+00
2.0647905295187967e+00
2.0699508158569517e+00
2.0686244075099900e+00
2.0688497200489353e+00
2.0680142949680804e+00
2.0689163833404942e+00
2.0676032490625644e+00
2.0644489131443211e+00
2.0703365614980509e+00
2.0653413312081983e+00
2.0673381492242480e+00
2.0676942626186299e+00
2.0676451442954118e+00
2.0656603760212682e+00
2.0647030104674426e+00
2.0653805535664547e+00
2.0645687408323696e+00
2.0715797335031705e+00
2.0674927084484565e+00
2.0662729281063612e+00
2.0679774207354833e+00
2.0687060663389123e+00
2.0649262703790643e+00
2.0663594264799503e+00
2.0652889403095824e+00
2.0671893380867830e+00
2.0681170358862633e+00
2.0657390644035707e+00
2.0678988244302743e+00
2.0632297397362094e+00
2.0648023227147783e+00
2.0643861885152455e+00
2.0623652610700844e+00
2.0630364382013795e+00
2.0642629239564507e+00
2.0643843405138567e+00
2.0658036922806127e+00
2.0662170702809761e+00
2.0642866741786761e+00
2.0671995580499463e+00
2.0723033431713245e+00
2.0679565865292822e+00
2.0644455298229087e+00
2.0654352131440237e+00
2.0702966625554571e+00
2.0668743780457270e+00
2.0659730836155075e+00
2.0666151625407050e+00
2.0613546136686245e+00
2.0680273650116057e+00
2.0628808591456194e+00
2.0665298570626875e+00
2.0666731046984190e+00
2.0649621770512705e+00
2.0705058758108601e+00
2.0632043346482054e+00
2.0702660957779027e+00
2.0657387502720552e+00
2.0644907370410222e+00
2.0661928873364821e+00
2.0654340510300249e+00
2.0655455413097723e+00
2.0661140818436992e+00
2.0683766132866084e+00
2.0697043098323156e+00
2.0655962260641858e+00
2.0652525334405047e+00
2.0645888851915806e+00
2.0641292879115052e+00
2.0672478254113598e+00
2.0692999725059269e+00
2.0656100201320151e+00
2.0683134797786331e+00
2.0661920980324560e+00
2.0674301181287165e+00
2.0678249549689522e+00
2.0687020520739332e+00
2.0648648498432074e+00
2.0652523654576007e+00
2.0660262378190537e+00
2.0683364844849721e+00
2.0693834884061153e+00
2.0652981243712016e+00
2.0688427514592220e+00
2.0651779092932263e+00
2.0662505906931292e+00
2.0661027262897225e+00
2.0644787673666225e+00
2.0644867630269963e+00
2.0653303997737118e+00
2.0648475710696412e+00
2.0643418009175680e+00
2.0676635510204524e+00
2.0636743124263250e+00
2.0666260559454739e+00
2.0641223315555308e+00
2.0623136410026395e+00
2.0691752176481346e+00
2.0610472672820195e+00
2.0657391073139917e+00
2.0692712696150628e+00
2.0633576518084271e+00
2.0645679789248890e+00
2.0689165733156871e+00
2.0647210691795403e+00
2.0670876338120370e+00
2.0675416954787211e+00
2.0690504507398155e+00
2.0661429796350386e+00
2.0681095312070421e+00
2.0674569799455500e+00
2.0680728073435799e+00
2.0664841471177593e+00
2.0648859722236050e+00
2.0656043327042641e+00
2.0678913415528761e+00
2.0728726521216503e+00
2.0635659360905581e+00
2.0662033836243285e+00
2.0681837521720818e+00
2.0642632323198513e+00
2.0670907865813239e+00
2.0656819172171077e+00
2.0619450142525757e+00
2.0642618210637127e+00
2.0660982455588548e+00
2.0631613068657022e+00
2.0674004836460274e+00
2.0623691752058053e+00
2.0654545172525061e+00
2.0642418532193636e+00
2.0647564835393051e+00
2.0671483860234416e+00
2.0655539170777319e+00
2.0671428145415458e+00
2.0660474071312112e+00
2.0670691424333127e+00
2.0652951170440881e+00
2.0637090288445901e+00
2.0683803875643467e+00
2.0692194456595923e+00
2.0704470109047404e+00
2.0692189414644524e+00
2.0677416957238255e+00
2.0681893269623135e+00
2.0640751227362979e+00
2.0667313598711412e+00
2.0695024619530087e+00
2.0640163523157162e+00
2.0654966152256056e+00
2.0648270932215009e+00
2.0663955092472857e+00
2.0663387314624955e+00
2.0632051414212258e+00
2.0680602886225490e+00
2.0693039790748791e+00
2.0629664613360328e+00
2.0651501057732551e+00
2.0655892358748544e+00
2.0680731829548442e+00
2.0636736445301858e+00
2.0643636478692433e+00
2.0671319271736350e+00
2.0685961550575240e+00
2.0664890393596322e+00
2.0661000972689236e+00
2.0696191306247047e+00
2.0637810299358352e+00
2.0685617114073200e+00
2.0670980322769181e+00
2.0672557880793518e+00
2.0694905890236668e+00
2.0658452142728136e+00
2.0663178007743928e+00
2.0648533463850138e+00
2.0662085186725712e+00
2.0658038802926364e+00
2.0694032551675643e+00
2.0654067701172436e+00
2.0696342651869677e+00
2.0670045421964596e+00
2.0665273422853092e+00
2.0667382583287845e+00
2.0672880820855890e+00
2.0681627259329907e+00
2.0663405509197035e+00
2.0702263415008755e+00
2.0666777743926930e+00
2.0682317096854188e+00
2.0696144463212183e+00
2.0694714323183017e+00
2.0659057132094634e+00
2.0669401069116904e+00
2.0647901713847125e+00
2.0665502629666377e+00
2.0634334460685402e+00
2.0632957612688210e+00
2.0664679552338705e+00
2.0676098555663613e+00
2.0700403176825497e+00
2.0667454009181387e+00
2.0708323166288127e+00
2.0696726950388751e+00
2.0686320658196515e+00
2.0681477203822904e+00
2.0672957438483990e+00
2.0684476695622500e+00
2.0661039311139699e+00
2.0682008106745844e+00
2.0697409052328308e+00
2.0650111179358426e+00
2.0667275557484319e+00
2.0650503192985710e+00
2.0680526628198508e+00
2.0680923169173813e+00
2.0655955371366992e+00
2.0663265068030801e+00
2.0659409423646653e+00
2.0665892046661356e+00
2.0616965906092015e+00
2.0660323037130208e+00
2.0644644844726865e+00
2.0688892763228948e+00
2.0655926679774503e+00
2.0691299665580498e+00
2.0648098221976166e+00
2.0657555373051752e+00
2.0690312343808315e+00
2.0687756568977402e+00
2.0713896692016802e+00
2.0677622093054602e+00
2.0679135161633355e+00
2.0686279038274651e+00
2.0666396394629336e+00
2.0686951584973809e+00
2.0662784631238034e+00
2.0672059785288948e+00
2.0604236298938683e+00
2.0702979055281423e+00
2.0659337703660312e+00
2.0688332303400050e+00
2.0671011286243437e+00
2.0666532745627468e+00
2.0684167904837398e+00
2.0635518171586464e+00
2.0640671697607482e+00
2.0650841032125249e+00
2.0662919886301991e+00
2.0651455355963075e+00
2.0653464284796743e+00
2.0630959407596206e+00
2.0669113211174217e+00
2.0696961581047688e+00
2.0663932063972479e+00
2.0678736115821859e+00
2.0669301062791674e+00
2.0659438305080351e+00
2.0689799527591179e+00
2.0692196429385743e+00
2.0654661743839275e+00
2.0678160243475703e+00
2.0641753022227043e+00
2.0653485838361059e+00
2.0722428323640023e+00
2.0658688108514744e+00
2.0652940501255905e+00
2.0661213707335553e+00
2.0672059559030762e+00
2.0684058422460674e+00
2.0653985706241520e+00
2.0662547094653356e+00
2.0644782771690586e+00
2.0632916817920983e+00
2.0648219692516876e+00
2.0658163236726579e+00
2.0665776277223884e+00
2.0660186823499358e+00
2.0659380830115719e+00
2.0684306773941241e+00
2.0679553978461747e+00
2.0649139169928876e+00
2.0670606904900066e+00
2.0629085763323265e+00
2.0652346710652973e+00
2.0654795683132350e+00
2.0665071341752541e+00
2.0720038475905738e+00
2.0692319217238198e+00
2.0633517291610022e+00
2.0637844649314836e+00
2.0692543979282405e+00
2.0646394198650491e+00
2.0686517117680938e+00
2.0645595844736842e+00
2.0649965964255066e+00
2.0695718630862117e+00
2.0663449934740421e+00
2.0683224597895893e+00
2.0660065502847886e+00
2.0666670220563756e+00
2.0644679179261973e+00
2.0674001985922055e+00
2.0709982074176678e+00
2.0641296105701632e+00
2.0669080468990422e+00
2.0707472421567319e+00
2.0687369540179676e+00
2.0673778008759851e+00
2.0651169512701988e+00
2.0676274139361404e+00
2.0659740031795608e+00
2.0679721545192886e+00
2.0685212615875361e+00
2.0677800959352886e+00
2.0662644457912909e+00
2.0663527205694927e+00
2.0657680331223620e+00
2.0706804075187595e+00
2.0636997890443918e+00
2.0661499438391799e+00
2.0643696621379108e+00
2.0655529868129001e+00
2.0643944872057256e+00
2.0688448071447287e+00
2.0671288080134871e+00
2.0670800263332780e+00
2.0627926505824186e+00
2.0647762067925459e+00
2.0677180373557351e+00
2.0690748284404399e+00
2.0685856241316576e+00
2.0671434296300433e+00
2.0685967092016226e+00
2.0647040608863958e+00
2.0697606655676304e+00
2.0688236595730136e+00
2.0660218854180878e+00
2.0680743018834526e+00
2.0654480706996594e+00
2.0672420871937742e+00
2.0658598989498436e+00
2.0676780370363246e+00
2.0667193286073631e+00
2.0664292581293147e+00
2.0659550049592186e+00
2.0621044918478737e+00
2.0700697389788565e+00
2.0711201571960345e+00
2.0653786067456492e+00
2.0698435806831079e+00
2.0645278713922122e+00
2.0637963035515803e+00
2.0660534874465899e+00
2.0678634438333634e+00
2.0720637478270585e+00
2.0656041756195829e+00
2.0653763068451547e+00
2.0681654602927479e+00
2.0661082935445769e+00
2.0666871131538982e+00
2.0652910291100879e+00
2.0655756198106245e+00
2.0674207469571688e+00
2.0672040241283138e+00
2.0657469788003731e+00
2.0657779239479113e+00
2.0711648793239590e+00
2.0652061827679380e+00
2.0647406110868229e+00
2.0677122219643791e+00
2.0678125168861459e+00
2.0655484441160064e+00
2.0690776484440376e+00
2.0643092559863394e+00
2.0665921925326267e+00
2.0617128710124075e+00
2.0686823843695632e+00
2.0683444428421618e+00
2.0670729283856235e+00
2.0683816851387782e+00
2.0664270435867595e+00
2.0705555392642294e+00
2.0663686530321539e+00
2.0659458867303129e+00
2.0642728856815160e+00
2.0658469834504953e+00
2.0690835068816544e+00
2.0671141882074004e+00
2.0679982761282845e+00
2.0689325011589865e+00
2.0654366805898068e+00
2.0671161182893867e+00
2.0664647286557685e+00
2.0705660038713818e+00
2.0623577458324323e+00
2.0623939612775879e+00
2.0670971357943269e+00
2.0627838022429663e+00
2.0649786023124448e+00
2.0684289311255788e+00
2.0655587508972917e+00
2.0660408131695944e+00
2.0655713551984984e+00
2.0699820906309192e+00
2.0624772042328643e+00
2.0654492131079123e+00
2.0655714890836525e+00
2.0661849330697275e+00
2.0682805503201211e+00
2.0674449558800432e+00
2.0690850296171770e+00
2.0677386602346579e+00
2.0662208122379795e+00
2.0677048726900065e+00
2.0628576154010987e+00
2.0683662174075756e+00
2.0689429253005085e+00
2.0660360773208120e+00
2.0663439638152798e+00
2.0666359226795170e+00
2.0693322289142237e+00
2.0648378106298035e+00
2.0659199313126924e+00
2.0692935434407782e+00
2.0643896004274658e+00
2.0688521469987782e+00
2.0647101485169546e+00
2.0661531733842948e+00
2.0686231421193622e+00
2.0670727967238913e+00
2.0712174269694197e+00
2.0665823006854751e+00
2.0707977810323830e+00
2.0678664677509730e+00
2.0693690438090342e+00
2.0655208336957891e+00
2.0682391386716943e+00
2.0660812962047315e+00
2.0653098659391080e+00
2.0634021264268392e+00
2.0674213659117413e+00
2.0698623451824387e+00
2.0700573905431674e+00
2.0665227080865258e+00
2.0697387191479160e+00
2.0664470963058417e+00
2.0657150134803586e+00
2.0667303062333886e+00
2.0680294262020014e+00
2.0672410418224914e+00
2.0666858598770728e+00
2.0674622849628177e+00
2.0682224466979497e+00
2.0642583887619685e+00
2.0636256819783596e+00
2.0670261771103178e+00
2.0673112399204774e+00
2.0667448644752695e+00
2.0674084894325766e+00
2.0689526023224527e+00
2.0674993622998650e+00
2.0664308732342569e+00
2.0703808549400473e+00
2.0689790356216538e+00
2.0659305593752766e+00
2.0693816526733388e+00
2.0669878203457199e+00
2.0667876460598986e+00
2.0709338648970124e+00
2.0624422916022223e+00
2.0684761448872382e+00
2.0678119342262193e+00
2.0676987135771916e+00
2.0673827459465355e+00
2.0644489814947491e+00
2.0682306563247312e+00
2.0652365066296690e+00
2.0664941484483696e+00
2.0628420945113359e+00
2.0674757952586078e+00
2.0727313828175689e+00
2.0659717036570160e+00
2.0682481847970142e+00
2.0653849627146101e+00
2.0636584849836312e+00
2.0627158506403913e+00
2.0634432893556127e+00
2.0688118007230063e+00
2.0666413445940353e+00
2.0668237772371345e+00
2.0701457123556621e+00
2.0643916161207745e+00
2.0669397103053435e+00
2.0669313929711866e+00
2.0664564594419104e+00
2.0659195467151688e+00
2.0652657316721679e+00
2.0651410357137805e+00
2.0672704425389412e+00
2.0649887304901324e+00
2.0627096041930528e+00
2.0638808515953131e+00
2.0683580184209602e+00
2.0681724232037699e+00
2.0651700401878057e+00
2.0667967620511702e+00
2.0669054966420943e+00
2.0697253745765849e+00
2.0697808195642362e+00
2.0662067268394484e+00
2.0670283351654488e+00
2.0657765459383142e+00
2.0676249799146400e+00
2.0668114213940068e+00
2.0699612429103840e+00
2.0678213118035393e+00
2.0674857722092437e+00
2.0716097869941632e+00
2.0687107119594663e+00
2.0636125532355400e+00
2.0664352311962286e+00
2.0633834763339536e+00
2.0677935989351912e+00
2.0648758845594668e+00
2.0638438150659435e+00
2.0672112522386108e+00
2.0681718805677503e+00
2.0643392954281414e+00
2.0651379106227838e+00
2.0645628955643374e+00
2.0663615517485541e+00
2.0693033210214882e+00
2.0657354947484667e+00
2.0663552739835427e+00
2.0684475280258012e+00
2.0690742716898325e+00
2.0656463979988224e+00
2.0636651310952612e+00
2.0666340163851618e+00
2.0667256502738698e+00
2.0656597720891021e+00
2.0634629927920418e+00
2.0673059007994361e+00
2.0631244265072968e+00
2.0697364367381534e+00
2.0690480711543233e+00
2.0699108766046184e+00
2.0691883876385186e+00
2.0719778992953617e+00
2.0692708341757662e+00
2.0695460473873446e+00
2.0658746813055440e+00
2.0699044018846835e+00
2.0642314188216804e+00
2.0702937850949907e+00
2.0672622424421001e+00
2.0677016170324820e+00
2.0677643821073430e+00
2.0672064493654720e+00
2.0658307655797148e+00
2.0683074551202236e+00
2.0644728471904212e+00
2.0643364275392746e+00
2.0668299356288915e+00
2.0626688119326810e+00
2.0677068667273706e+00
2.0692503881186202e+00
2.0666982555806168e+00
2.0692270677564988e+00
2.0696404556985386e+00
2.0659780959970582e+00
2.0709274940557165e+00
2.0681375508925295e+00
2.0681042677438675e+00
2.0698486428378051e+00
2.0682328803284515e+00
2.0659476143723370e+00
2.0671217691587622e+00
2.0681596094257464e+00
2.0662474057375100e+00
2.0661940207266625e+00
2.0692407691311194e+00
2.0639430598218556e+00
2.0642651061398989e+00
2.0705823341777330e+00
2.0658530717979029e+00
2.0676080582430760e+00
2.0624653462855633e+00
2.0672411535648965e+00
2.0640613303739417e+00
2.0651672362537821e+00
2.0680898002359522e+00
2.0651985587755983e+00
2.0636018912156420e+00
2.0658931613443268e+00
2.0651153519025862e+00
2.0645161705862400e+00
2.0690612899174314e+00
2.0655466726430949e+00
2.0651376751617021e+00
2.0667273105885084e+00
2.0662227644469167e+00
2.0670863042957808e+00
2.0665583715762916e+00
2.0682995262250774e+00
2.0654320819849903e+00
2.0668701366159605e+00
2.0640167131477183e+00
2.0630224685685064e+00
2.0664600637716188e+00
2.0617683566983587e+00
2.0654236049789865e+00
2.0645918065163831e+00
2.0641818596808172e+00
2.0662302121968570e+00
2.0638587066923955e+00
2.0686832014680903e+00
2.0699646847223665e+00
2.0681343843903668e+00
2.0674254991375132e+00
2.0675746466313254e+00
2.0626663222925319e+00
2.0650080865748142e+00
2.0676989193799828e+00
2.0682143205030599e+00
2.0668763614068926e+00
2.0677285496616746e+00
2.0708522811114509e+00
2.0644098841643728e+00
2.0669505866324140e+00
2.0658356928431729e+00
2.0710286699489187e+00
2.0695027434758893e+00
2.0692582275657632e+00
2.0670998989276037e+00
2.0684684811439311e+00
2.0700600682851031e+00
2.0664038042579738e+00
2.0706758844753748e+00
2.0622656118553713e+00
2.0677365754407857e+00
2.0598576317846375e+00
2.0678956034704772e+00
2.0668180445321540e+00
2.0668184655129420e+00
2.0664257177532908e+00
2.0708422900577599e+00
2.0685053941369400e+00
2.0693611271858283e+00
2.0676123176622601e+00
2.0692935190617887e+00
2.0687841983387396e+00
2.0667629982711673e+00
2.0700473992162163e+00
2.0662247436403471e+00
2.0694223631308151e+00
2.0705679316619072e+00
2.0690952675412526e+00
2.0673686054947829e+00
2.0682975176357794e+00
2.0663576488198809e+00
2.0684084921142722e+00
2.0658331419789726e+00
2.0655840963109706e+00
2.0704564176791056e+00
2.0658224038660991e+00
2.0625200554971443e+00
2.0667541767538395e+00
2.0686777748424294e+00
2.0680975800209640e+00
2.0659335707085380e+00
2.0651932993310411e+00
2.0672948952412082e+00
2.0658605977800955e+00
2.0642460010467176e+00
2.0652972433134136e+00
2.0652002554847653e+00
2.0701786696712374e+00
2.0672466183456710e+00
2.0664103864975174e+00
2.0669880434259134e+00
2.0664618781753092e+00
2.0680181933662483e+00
2.0688832918534703e+00
2.0676568174419994e+00
2.0679531730172012e+00
2.0667878811777194e+00
2.0654269879828830e+00
2.0660368621593217e+00
2.0661751319120416e+00
2.0682690210393835e+00
2.0673918294054690e+00
2.0613731479694684e+00
2.0691731116146515e+00
2.0689854868204223e+00
2.0679973327296479e+00
2.0679058608408241e+00
2.0695504059928198e+00
2.0671146321520637e+00
2.0671227537466872e+00
2.0686132493168299e+00
2.0682108316050187e+00
2.0643306395299383e+00
2.0664617263076694e+00
2.0686871202362265e+00
2.0687381599332850e+00
2.0663910850056788e+00
2.0646314584279071e+00
2.0663642404218261e+00
2.0700992259971778e+00
2.0651481494747350e+00
2.0670327769714483e+00
2.0690263025471336e+00
2.0681403242527536e+00
2.0686928369711102e+00
2.0670086840640294e+00
2.0659975051462469e+00
2.0647316155168074e+00
2.0672191024607360e+00
2.0697806651715003e+00
2.0663455945585567e+00
2.0681828251705081e+00
2.0681941545040519e+00
2.0655387902815412e+00
2.0666006471941585e+00
2.0644141649924230e+00
2.0649540576654482e+00
2.0688999189053763e+00
2.0680829166533687e+00
2.0689473615437688e+00
2.0665298981772060e+00
2.0673186861073982e+00
2.0677944103763859e+00
2.0656033530513263e+00
2.0721041442565853e+00
2.0669878416031624e+00
2.0686567820938078e+00
2.0642784510474641e+00
2.0673385868323946e+00
2.0668258366566317e+00
2.0674982950296443e+00
2.0654270137144093e+00
2.0671767115068476e+00
2.0671349776318277e+00
2.0661669217504843e+00
2.0665036666390075e+00
2.0702903996514834e+00
2.0701699689926802e+00
2.0648762775286613e+00
2.0673817582636667e+00
2.0681240955180997e+00
2.0655923619378922e+00
2.0673693619906470e+00
2.0671616158997685e+00
2.0693438539033107e+00
2.0697832282707429e+00
2.0664278161094107e+00
2.0647488659016608e+00
2.0701419002333394e+00
2.0661359334843188e+00
2.0672455828224119e+00
2.0649926423927694e+00
2.0662902583770948e+00
2.0663375808021476e+00
2.0666835706699405e+00
2.0641078635984456e+00
2.0679371861731259e+00
2.0709729419613243e+00
2.0700135826460242e+00
2.0650928458755415e+00
2.0676637391090900e+00
2.0684171027269045e+00
2.0688475727558249e+00
2.0700564440626597e+00
2.0722437575893196e+00
2.0687534736742554e+00
2.0634602623280003e+00
2.0680913908534668e+00
2.0686055090756228e+00
2.0696468391244855e+00
2.0690553173648496e+00
2.0649019598323481e+00
2.0685396047895330e+00
2.0672458010081023e+00
2.0657726061882968e+00
2.0659738513735140e+00
2.0666060257130812e+00
2.0616927513731649e+00
2.0621274263092477e+00
2.0652594456530520e+00
2.0694052548620596e+00
2.0635682918501752e+00
2.0650058015243573e+00
2.0650044459876864e+00
2.0662792294202017e+00
2.0668547722224972e+00
2.0655558953547417e+00
2.0696057013836495e+00
2.0675031774131813e+00
2.0656359002668845e+00
2.0682173652171283e+00
2.0652302760126271e+00
2.0697634967820129e+00
2.0676444819888737e+00
2.0688448511548532e+00
2.0670817899459326e+00
2.0711856721558455e+00
2.0695547369847476e+00
2.0700514687379390e+00
2.0667220436365241e+00
2.0669664529978515e+00
2.0654039015559817e+00
2.0667815629260087e+00
2.0626099464486516e+00
2.0614409638276676e+00
2.0687535187333648e+00
2.0629350340384747e+00
2.0613945809793730e+00
2.0648562082888238e+00
2.0640517174929101e+00
2.0613456220023987e+00
2.0656795328656643e+00
2.0666668554349372e+00
2.0663355922723654e+00
2.0632102798979535e+00
2.0629457015015391e+00
2.0629892593425159e+00
2.0668188828704612e+00
2.0628259564862685e+00
2.0637790815660835e+00
2.0669465066459995e+00
2.0685260234207301e+00
2.0706238879429235e+00
2.0659203719331156e+00
2.0621730835428060e+00
2.0631183656415177e+00
2.0636023417325187e+00
2.0652188239258500e+00
2.0686762335724524e+00
2.0699687417820551e+00
2.0684853390156239e+00
2.0669683024892360e+00
2.0681650203744195e+00
2.0658243825575378e+00
2.0631490524227871e+00
2.0637755834261617e+00
2.0658328141141999e+00
2.0648193324882267e+00
2.0629063710818318e+00
2.0629659667924147e+00
2.0648411936890469e+00
2.0660976449310025e+00
2.0637749732033792e+00
2.0621571366087306e+00
2.0621750983188853e+00
2.0621045553733062e+00
2.0680456707156858e+00
2.0643177002036803e+00
2.0643965927155929e+00
2.0639279706781442e+00
2.0682534583500645e+00
2.0655453107031625e+00
2.0678409313675137e+00
2.0660786787409879e+00
2.0656159562418801e+00
2.0660641945079039e+00
2.0648765310239585e+00
2.0638793523970107e+00
2.0647594329887817e+00
2.0680754306002815e+00
2.0674159970296273e+00
2.0666980535532864e+00
2.0649839316354677e+00
2.0660724057429829e+00
2.0686340311136617e+00
2.0676098805601004e+00
2.0642562009648207e+00
2.0663526207723693e+00
2.0669649690268259e+00
2.0632342510621049e+00
2.0638177943752574e+00
2.0648559184613364e+00
2.0656955591123882e+00
2.0666129091868690e+00
2.0656213405117181e+00
2.0663812213694626e+00
2.0665289632340134e+00
2.0676604167311718e+00
2.0636505685099937e+00
2.0685908203681787e+00
2.0689885700497044e+00
2.0668898061103911e+00
2.0665131707062576e+00
2.0669002911165997e+00
2.0637219566509040e+00
2.0643482204835650e+00
2.0663494516593501e+00
2.0677673336551767e+00
2.0653792507699156e+00
2.0693894349327917e+00
2.0680096616187633e+00
2.0665383839878464e+00
2.0660836555596096e+00
2.0665721445476111e+00
2.0660577459366642e+00
2.0666110030382545e+00
2.0659309244680299e+00
2.0640862952241861e+00
2.0653505731766870e+00
2.0671549463829044e+00
2.0681534839189966e+00
2.0667157104238001e+00
2.0643714322891240e+00
2.0649584908886656e+00
2.0693338361809683e+00
2.0674196682626191e+00
2.0657556412621432e+00
2.0670301312710899e+00
2.0657281783628196e+00
2.0687292130765584e+00
2.0653529415215117e+00
2.0667580204352238e+00
2.0638477687497958e+00
2.0680450825161141e+00
2.0681153584055800e+00
2.0668868069710000e+00
2.0672238193205694e+00
2.0658103625438460e+00
2.0680642947144712e+00
2.0636553750495366e+00
2.0659389991904771e+00
2.0660779316467015e+00
2.0652920436559579e+00
2.0673874813721187e+00
2.0664329727646855e+00
2.0642345053397597e+00
2.0669401572597672e+00
2.0659726919187222e+00
2.0649732591102126e+00
2.0690332084588192e+00
2.0686632740444879e+00
2.0651634251382904e+00
2.0637015275559256e+00
2.0626163938102113e+00
2.0668727192060667e+00
2.0684695627483904e+00
2.0649058098759911e+00
2.0666990186449774e+00
2.0656130264017016e+00
2.0702310133350821e+00
2.0676177968004166e+00
2.0679207201879830e+00
2.0666051622896338e+00
2.0623780868572466e+00
2.0685760340360417e+00
2.0657971394137480e+00
2.0679551682846218e+00
2.0665692636780872e+00
2.0685937612077332e+00
2.0610603272828865e+00
2.0668914439344994e+00
2.0673209739539300e+00
2.0655443391102613e+00
2.0692120668358078e+00
2.0683983674360538e+00
2.0667558822423655e+00
2.0643160054072749e+00
2.0643881499381287e+00
2.0638577196677037e+00
2.0660425035391530e+00
2.0673650200032276e+00
2.0686212592423883e+00
2.0684417214624062e+00
2.0673697325596971e+00
2.0673615048139258e+00
2.0696431335066814e+00
2.0717966577010722e+00
2.0665547289494133e+00
2.0678814626922937e+00
2.0703378644488355e+00
2.0630889270271719e+00
2.0665229166548480e+00
2.0666635146305046e+00
2.0663150333447535e+00
2.0716819789680736e+00
2.0680196205596846e+00
2.0624381069499482e+00
2.0679288354425096e+00
2.0677542299461380e+00
2.0670167418523402e+00
2.0617543920345720e+00
2.0669690223471111e+00
2.0670994330831367e+00
2.0686486229589938e+00
2.0637464828921570e+00
2.0663616067148980e+00
2.0683008184349747e+00
2.0690560869216852e+00
2.0693981236147709e+00
2.0694453519096458e+00
2.0641568488551929e+00
2.0658406068926225e+00
2.0689398623242909e+00
2.0652400183789781e+00
2.0655686504046069e+00
2.0660105363867989e+00
2.0665872202253204e+00
2.0621971389372642e+00
2.0683526383658140e+00
2.0696238517071497e+00
2.0682288644368141e+00
2.0655299517831121e+00
2.0668602314570870e+00
2.0672491332975560e+00
2.0663895977858311e+00
2.0687685218818945e+00
2.0648096242536260e+00
2.0643921144799666e+00
2.0678280146845620e+00
2.0696162211085585e+00
2.0669737020690460e+00
2.0678268731141314e+00
2.0630257686288940e+00
2.0700994316249912e+00
2.0678307710220696e+00
2.0693290846563390e+00
2.0663091159889184e+00
2.0657140041741520e+00
2.0647226071211451e+00
2.0668836582569798e+00
2.0650175528838282e+00
2.0697846449586743e+00
2.0682092719492942e+00
2.0683539560914159e+00
2.0653127697908786e+00
2.0678664969256069e+00
2.0668169276576509e+00
2.0635224486474706e+00
2.0687330164440696e+00
2.0706269337625636e+00
2.0700019775672831e+00
2.0672416976259487e+00
2.0677459031832766e+00
2.0653395948247009e+00
2.0665125730561718e+00
2.0660269069710724e+00
2.0677956732566094e+00
2.0687068598347023e+00
2.0681460767176350e+00
2.0705475070084964e+00
2.0685590950562909e+00
2.0699837535014893e+00
2.0663208056614795e+00
2.0664963991316427e+00
2.0663552796165408e+00
2.0692537529656168e+00
2.0676595271621956e+00
2.0678219548969463e+00
2.0652630631213307e+00
2.0644398040390031e+00
2.0626784637173778e+00
2.0651997903134527e+00
2.0699161230500085e+00
2.0645974324270671e+00
2.0675335722226360e+00
2.0667850115247415e+00
2.0679251976414874e+00
2.0672589873573921e+00
2.0655426470801497e+00
2.0669508305746138e+00
2.0693682159632707e+00
2.0682646773872739e+00
2.0670592437603492e+00
2.0664824030130067e+00
2.0680025884878863e+00
2.0659536243920189e+00
2.0652358362934304e+00
2.0680831651809632e+00
2.0659213052450029e+00
2.0674236244794542e+00
2.0675562967269312e+00
2.0663032791119269e+00
2.0689586327434633e+00
2.0643762873885492e+00
2.0661948805066821e+00
2.0686469979961077e+00
2.0658149391598237e+00
2.0681111729356543e+00
2.0670933811601673e+00
2.0671294091907750e+00
2.0677626392430497e+00
2.0656703152097071e+00
2.0675662238601866e+00
2.0642517905916109e+00
2.0703442911179546e+00
2.0686369298400691e+00
2.0723323801155149e+00
2.0697527453801974e+00
2.0688991050258321e+00
2.0660709927415648e+00
2.0661400069910147e+00
2.0658199691059047e+00
2.0664123310452229e+00
2.0662947966731591e+00
2.0648860676889123e+00
2.0660192309649852e+00
2.0690487603203844e+00
2.0679425689975273e+00
2.0686831588502099e+00
2.0697173912093740e+00
2.0653276593484438e+00
2.0652449286763446e+00
2.0654553250193994e+00
2.0659034328078651e+00
2.0673084728775288e+00
2.0658650070682736e+00
2.0636445198794027e+00
2.0666381580985980e+00
2.0697220104452763e+00
2.0657661196305743e+00
2.0673345352973374e+00
2.0671965125566367e+00
2.0660783250673571e+00
2.0692530826120517e+00
2.0705924056805380e+00
2.0680984626730186e+00
2.0651326385097595e+00
2.0678137442030726e+00
2.0649167920492282e+00
2.0654850618081935e+00
2.0648640044854383e+00
2.0680395990427556e+00
2.0646382827385641e+00
2.0664931171812966e+00
2.0669145912374636e+00
2.0675872584885342e+00
2.0692650542850597e+00
2.0666303204716794e+00
2.0668510876596073e+00
2.0669719450186914e+00
2.0695305526958570e+00
2.0643518126186864e+00
2.0647606899635269e+00
2.0676422341970691e+00
2.0660381459565174e+00
2.0667821349325366e+00
2.0644696394217292e+00
2.0617610378371891e+00
2.0666068473490928e+00
2.0618368413125290e+00
2.0663739154297409e+00
2.0670502610297778e+00
2.0693383185219880e+00
2.0682925586481051e+00
2.0669124310078151e+00
2.0698107791310849e+00
2.0652188184683280e+00
2.0654279249218228e+00
2.0679632268919033e+00
2.0663470764951382e+00
2.0679263123189151e+00
2.0732399630767802e+00
2.0636078829189457e+00
2.0664621363137665e+00
2.0665845426573841e+00
2.0665182129731452e+00
2.0680230716259427e+00
2.0656380402359278e+00
2.0627871461277549e+00
2.0622513562269655e+00
2.0674758420008175e+00
2.0678021913384650e+00
2.0692069170265852e+00
2.0696871047243692e+00
2.0668177746993872e+00
2.0692452862119488e+00
2.0678439227022345e+00
2.0675434944824365e+00
2.0652848720377839e+00
2.0665480368165099e+00
2.0698720062333478e+00
2.0690867635395818e+00
2.0696950470851423e+00
2.0658508145628951e+00
2.0665709338679243e+00
2.0675387270418781e+00
2.0649233438541525e+00
2.0685948452820564e+00
2.0692060448558705e+00
2.0671101867874104e+00
2.0684125680784420e+00
2.0668101426079009e+00
2.0644343244732148e+00
2.0679670522033757e+00
2.0653729303595441e+00
2.0664088777904897e+00
2.0693956482175473e+00
2.0699444296173115e+00
2.0670398509975634e+00
2.0637622541090122e+00
2.0634801073780742e+00
2.0644095586166658e+00
2.0663865242822177e+00
2.0668399433404745e+00
2.0667040999044799e+00
2.0648035855412092e+00
2.0678428744883228e+00
2.0696741623017672e+00
2.0657841751299073e+00
2.0645510681634178e+00
2.0685079553468939e+00
2.0684078602320315e+00
2.0648439832360714e+00
2.0679661121011983e+00
2.0646312540262231e+00
2.0672614938990983e+00
2.0686752255125369e+00
2.0692195977959646e+00
2.0654845266149553e+00
2.0683640423858654e+00
2.0685574903941402e+00
2.0642393240908539e+00
2.0659168877535627e+00
2.0666658566973695e+00
2.0657721858311131e+00
2.0667032170417636e+00
2.0686555591243128e+00
2.0674910568096307e+00
2.0654180976235863e+00
2.0688138917346568e+00
2.0641760164734517e+00
2.0685543397087396e+00
2.0698293614821019e+00
2.0660593490684245e+00
2.0661457719054646e+00
2.0705006796117638e+00
2.0627351566689502e+00
2.0659667602671772e+00
2.0678929712709544e+00
2.0670275305586507e+00
2.0690269785927216e+00
2.0688498934528226e+00
2.0677539090674766e+00
2.0677079162977603e+00
2.0646904018246812e+00
2.0686437132253581e+00
2.0670154816593183e+00
2.0676867591902539e+00
2.0657868082327409e+00
2.0704392193568495e+00
2.0707501427074710e+00
2.0666478119921234e+00
2.0629283934186340e+00
2.0648718959160437e+00
2.0684209286656885e+00
2.0678017089260385e+00
2.0670510250590035e+00
2.0713081501654078e+00
2.0647414862780309e+00
2.0687648288594875e+00
2.0701466575448628e+00
2.0653937595343641e+00
2.0692399960588794e+00
2.0712900187460819e+00
2.0649200569670740e+00
2.0661272391807137e+00
2.0654917613179453e+00
2.0649064653006133e+00
2.0641357965127032e+00
2.0680730664579681e+00
2.0661806979512964e+00
2.0665231896259928e+00
2.0641740672187709e+00
2.0650666423405015e+00
2.0663787166593282e+00
2.0654421559007479e+00
2.0653863846294054e+00
2.0668048820553095e+00
2.0686299481120707e+00
2.0654339039581742e+00
2.0635827394441906e+00
2.0650947358207268e+00
2.0647071476460708e+00
2.0650342992160220e+00
2.0640899094031586e+00
2.0649989331624128e+00
2.0644859123708748e+00
2.0663400201999926e+00
2.0618254979817308e+00
2.0651626690339051e+00
2.0631129711457685e+00
2.0616582384581768e+00
2.0677026654177091e+00
2.0665881487649509e+00
2.0612873391078175e+00
2.0633930723430045e+00
2.0671313266233713e+00
2.0666401149544718e+00
2.0637258733687425e+00
2.0632183958868739e+00
2.0631163987066019e+00
2.0608287026952783e+00
2.0602733317235384e+00
2.0663891852263068e+00
2.0624162158326214e+00
2.0643240970487775e+00
2.0658644461782276e+00
2.0651236892399827e+00
2.0672230725135936e+00
2.0665681070702369e+00
2.0665121903833232e+00
2.0674826310692755e+00
2.0678500436181344e+00
2.0684470934237544e+00
2.0664300562440774e+00
2.0640874436442722e+00
2.0650612688199881e+00
2.0668295209927412e+00
2.0635202017192351e+00
2.0643871506410298e+00
2.0662006574579497e+00
2.0671417655863400e+00
2.0679023404387586e+00
2.0719316613561864e+00
2.0645664716969176e+00
2.0678410508145326e+00
2.0651956425208047e+00
2.0689142173884858e+00
2.0661021931836028e+00
2.0660361196259021e+00
2.0656117078842215e+00
2.0723856271896692e+00
2.0653768887321062e+00
2.0657393740017014e+00
2.0668576407705617e+00
2.0688053954381469e+00
2.0701286256652698e+00
2.0664479274111813e+00
2.0657377649642448e+00
2.0667512145441713e+00
2.0666863790267449e+00
2.0682976777979682e+00
2.0637914190575359e+00
2.0670032541440397e+00
2.0645619032655671e+00
2.0675232711060212e+00
2.0669334501691430e+00
2.0706110169703025e+00
2.0671123468333312e+00
2.0665846880939363e+00
2.0686544608717639e+00
2.0669908448885188e+00
2.0672923668598444e+00
2.0683704988639051e+00
2.0664382367773739e+00
2.0664815620457571e+00
2.0676189264626759e+00
2.0689659275619188e+00
2.0674469664159987e+00
2.0634524031236725e+00
2.0674422075665126e+00
2.0675665742562632e+00
2.0696905013168685e+00
2.0625600924209802e+00
2.0661581639076982e+00
2.0677417775914546e+00
2.0672777320479514e+00
2.0669963362226595e+00
2.0707319250529754e+00
2.0672549764527530e+00
2.0662029911926894e+00
2.0651320993066418e+00
2.0689337354397712e+00
2.0657292453324803e+00
2.0680648786201812e+00
2.0676279982149635e+00
2.0678471234686673e+00
2.0691834737131791e+00
2.0652775399937884e+00
2.0668663540836749e+00
2.0643297785040997e+00
2.0676448796357687e+00
2.0639057307698052e+00
2.0652553963870361e+00
2.0655978607008616e+00
2.0647769896241286e+00
2.0682580796933094e+00
2.0679902569596749e+00
2.0676018708939159e+00
2.0701138074179020e+00
2.0675433319563008e+00
2.0672764069794547e+00
2.0693949136069567e+00
2.0689612561217969e+00
2.0632348324453198e+00
2.0696693342008436e+00
2.0700906442892850e+00
2.0710897615781358e+00
2.0673341068603448e+00
2.0652937866955718e+00
2.0673652498348711e+00
2.0672589125550065e+00
2.0700331917687098e+00
2.0684749479072755e+00
2.0646550105521353e+00
2.0697774647188827e+00
2.0685830837613395e+00
2.0701997428603502e+00
2.0649220629805272e+00
2.0669208731537143e+00
2.0677962634478564e+00
2.0680536378226382e+00
2.0627810266657183e+00
2.0640403166916013e+00
2.0662150680137397e+00
2.0634030105896533e+00
2.0667410477020094e+00
2.0693634994184049e+00
2.0671177043915443e+00
2.0659432254521355e+00
2.0679014734966290e+00
2.0662224318523239e+00
2.0628257318656136e+00
2.0655998108972589e+00
2.0673534960826432e+00
2.0684252066899829e+00
2.0687476355792507e+00
2.0651258250371263e+00
2.0661581047333994e+00
2.0681645506621060e+00
2.0666550199180564e+00
2.0652936533171684e+00
2.0676863993573065e+00
2.0713537973844258e+00
2.0682573178911752e+00
2.0665033943699962e+00
2.0661027334809945e+00
2.0653029067455799e+00
2.0663465217753392e+00
2.0668336539516186e+00
2.0640680864995922e+00
2.0640037019131956e+00
2.0686209356405780e+00
2.0657185282739827e+00
2.0671489223809578e+00
2.0654962278613613e+00
2.0668703282026590e+00
2.0646858253129836e+00
2.0655875556906573e+00
2.0708006633806924e+00
2.0689940230320336e+00
2.0629421446230678e+00
2.0698895944329911e+00
2.0680185817226882e+00
2.0665343719207145e+00
2.0589531586436398e+00
2.0665622089152351e+00
2.0679135056246913e+00
2.0658161613575321e+00
2.0651601980701337e+00
2.0667625419603488e+00
2.0679420395223462e+00
2.0664278648077707e+00
2.0663373225603645e+00
2.0645853042694875e+00
2.0641959227917321e+00
2.0653884524110175e+00
2.0644701711154294e+00
2.0652487052594757e+00
2.0673564921129026e+00
2.0621911014972771e+00
2.0685242920092022e+00
2.0641780495731754e+00
2.0673175309838618e+00
2.0666603290404448e+00
2.0628809496224458e+00
2.0649394249670703e+00
2.0654952584868771e+00
2.0675804974670471e+00
2.0676363880737760e+00
2.0667461817179391e+00
2.0643778892232896e+00
2.0699499049862209e+00
2.0652914268922165e+00
2.0713820447614819e+00
2.0703558307337917e+00
2.0645091392754349e+00
2.0680326162537850e+00
2.0645630957981544e+00
2.0670357520483678e+00
2.0695901286376435e+00
2.0664721404050153e+00
2.0678750804715738e+00
2.0679270490243957e+00
2.0704534117218834e+00
2.0678743334791441e+00
2.0668764914270832e+00
2.0672015397229337e+00
2.0667240300209864e+00
2.0668039624023615e+00
2.0686826420753328e+00
2.0663637067230587e+00
2.0684281977794723e+00
2.0661249262363190e+00
2.0673890909215644e+00
2.0676585442369126e+00
2.0636039782713880e+00
2.0643618385498601e+00
2.0651879356398863e+00
2.0650137459587774e+00
2.0659461908365797e+00
2.0679493223461729e+00
2.0659096617000881e+00
2.0676804662435768e+00
2.0687297549945716e+00
2.0669013087472301e+00
2.0670984070417409e+00
2.0665354802763596e+00
2.0668394065809932e+00
2.0649282627490528e+00
2.0660927194680783e+00
2.0675993838575715e+00
2.0654078324878919e+00
2.0705072748675022e+00
2.0674783041240503e+00
2.0682131801031467e+00
2.0700904296804490e+00
2.0644036894315136e+00
2.0666027182483488e+00
2.0685401469953750e+00
2.0646277305633638e+00
2.0691455894560988e+00
2.0610300929474494e+00
2.0642130419387779e+00
2.0635948204315238e+00
2.0661578431287002e+00
2.0653148060686202e+00
2.0646515272614061e+00
2.0655657832596641e+00
2.0620040436667391e+00
2.0659077545408113e+00
2.0647467269566877e+00
2.0656242661545829e+00
2.0660465966802271e+00
2.0648944883630631e+00
2.0664380349332618e+00
2.0629349989066976e+00
2.0650213548531302e+00
2.0695670339815404e+00
2.0699705888206679e+00
2.0685825411396599e+00
2.0673720111997289e+00
2.0708021997889028e+00
2.0665954446923545e+00
2.0656948029839088e+00
2.0662135999069595e+00
2.0639730693891321e+00
2.0650414357519074e+00
2.0677038055555443e+00
2.0661824385846308e+00
2.0678659881453840e+00
2.0684868494771451e+00
2.0657892108043421e+00
2.0692917656895800e+00
2.0655487090917930e+00
2.0700253444565910e+00
2.0661522367649265e+00
2.0694983152299966e+00
2.0650638383535296e+00
2.0663462783108972e+00
2.0655720175993877e+00
2.0647353779842601e+00
2.0691851370277621e+00
2.0665512941180033e+00
2.0677725026481566e+00
2.0669743882952747e+00
2.0659581124166126e+00
2.0670157224367389e+00
2.0659230326080729e+00
2.0661311230268602e+00
2.0645080277135883e+00
2.0648513246742137e+00
2.0671918731847065e+00
2.0667331625891072e+00
2.0678345451290592e+00
2.0660253558685584e+00
2.0711622199004931e+00
2.0662982707586219e+00
2.0695504167778727e+00
2.0650151229040770e+00
2.0656221434986559e+00
2.0660054349186185e+00
2.0680168828873060e+00
2.0708868047081852e+00
2.0726579467486563e+00
2.0690523518811266e+00
2.0690551390333769e+00
2.0657355739911050e+00
2.0680966394890312e+00
2.0644352547190787e+00
2.0678565053697135e+00
2.0653275885060371e+00
2.0668131642129119e+00
2.0695944312109500e+00
2.0659071181869764e+00
2.0695969557941720e+00
2.0688883054387510e+00
2.0716025448641595e+00
2.0644916560192965e+00
2.0683608323318636e+00
2.0664411400258373e+00
2.0639083772416558e+00
2.0701295439657335e+00
2.0715438067654675e+00
2.0679469457851645e+00
2.0674640396652975e+00
2.0654724278207506e+00
2.0684176894841215e+00
2.0659518580856449e+00
2.0663453740093698e+00
2.0696417818183046e+00
2.0677458614860016e+00
2.0668132838995517e+00
2.0734678129154096e+00
2.0659788878895724e+00
2.0657082120530585e+00
2.0667937008680766e+00
2.0642692376923546e+00
2.0667184547434028e+00
2.0638010707201171e+00
2.0675168908202290e+00
2.0629223192367383e+00
2.0652844608783898e+00
2.0662714308289458e+00
2.0682239974823990e+00
2.0628034562095068e+00
2.0668626699060364e+00
2.0644231339292727e+00
2.0663974793501763e+00
2.0673787901495611e+00
2.0662205756769079e+00
2.0656838437507861e+00
2.0647612661633370e+00
2.0647909494507291e+00
2.0662308762584192e+00
2.0655405181844864e+00
2.0630880076507090e+00
2.0674050641899231e+00
2.0676679284114954e+00
2.0693431990081192e+00
2.0697964628039038e+00
2.0670296711611482e+00
2.0646259890390364e+00
2.0663880772539867e+00
2.0673097356281467e+00
2.0636672992019158e+00
2.0673939979616054e+00
2.0625328877000699e+00
2.0644721688497749e+00
2.0684741138113067e+00
2.0653390488438053e+00
2.0657819322012405e+00
2.0668599586206837e+00
2.0674157793026846e+00
2.0661304129166993e+00
2.0694327862573787e+00
2.0677451084753606e+00
2.0674204348817433e+00
2.0656224408230908e+00
2.0714954500850267e+00
2.0651257508411347e+00
2.0682419537527603e+00
2.0671356086364905e+00
2.0677117010459565e+00
2.0666157717710152e+00
2.0660604605857458e+00
2.0674371994641607e+00
2.0664942496526257e+00
2.0656890319926711e+00
2.0702455551865904e+00
2.0681515743406997e+00
2.0684076607642190e+00
2.0649046610233150e+00
2.0632462289452058e+00
2.0619496678074785e+00
2.0663863751000058e+00
2.0711919976456064e+00
2.0665510931131390e+00
2.0696499024896560e+00
2.0698643008813638e+00
2.0637397497871133e+00
2.0634952500682231e+00
2.0641502976353800e+00
2.0663822418800408e+00
2.0659141062596418e+00
2.0648639980295234e+00
2.0683683620333788e+00
2.0686969469215573e+00
2.0666422791803529e+00
2.0655044249867953e+00
2.0654392597972251e+00
2.0695986074934480e+00
2.0657741329643788e+00
2.0669528874910537e+00
2.0648003332407163e+00
2.0673156814789166e+00
2.0691468024626718e+00
2.0640341597745064e+00
2.0652459484339274e+00
2.0723475763432084e+00
2.0656406039455306e+00
2.0670352674455739e+00
2.0661538757386082e+00
2.0651531636221852e+00
2.0689990888837584e+00
2.0665733532065897e+00
2.0689108721482747e+00
2.0674677098198040e+00
2.0660168039425457e+00
2.0701416671220607e+00
2.0672548867287173e+00
2.0677376838423536e+00
2.0667570308249186e+00
2.0634542033227894e+00
2.0658507082989863e+00
2.0619284477354625e+00
2.0686100179960474e+00
2.0634060105279839e+00
2.0682354113643115e+00
2.0658704522402798e+00
2.0677843037060613e+00
2.0689167829599828e+00
2.0665464027715323e+00
2.0654035973506102e+00
2.0693722730785300e+00
2.0649173056893915e+00
2.0663690559678285e+00
2.0654235257003148e+00
2.0677145309734111e+00
2.0650551323408473e+00
2.0682440955006709e+00
2.0687500367999601e+00
2.0676152337238785e+00
2.0643201395071578e+00
2.0672529954402878e+00
2.0685525450831239e+00
2.0669494858238271e+00
2.0667638567662521e+00
2.0653063107349423e+00
2.0686957911689374e+00
2.0695530163973426e+00
2.0678397052191744e+00
2.0671369958225805e+00
2.0640384556579758e+00
2.0663251013077000e+00
2.0638435580043759e+00
2.0672255275911589e+00
2.0683602370486924e+00
2.0674890148800014e+00
2.0637765526007859e+00
2.0651142736518051e+00
2.0658514746911663e+00
2.0653740122881836e+00
2.0665214222624964e+00
2.0666091836980964e+00
2.0666593944094225e+00
2.0666800667566494e+00
2.0661187903864775e+00
2.0690760828814327e+00
2.0678088775805077e+00
2.0686602559475094e+00
2.0659442547906819e+00
2.0685911786615807e+00
2.0687721555227179e+00
2.0678045154959404e+00
2.0669563247165796e+00
2.0665530817274393e+00
2.0676800979140184e+00
2.0687061125946715e+00
2.0663864195740738e+00
2.0657517484606855e+00
2.0663821854654967e+00
2.0667412323991399e+00
2.0678416248834464e+00
2.0643557283241178e+00
2.0692342363504412e+00
2.0668860849628148e+00
2.0686508125234657e+00
2.0704650481860116e+00
2.0655955667451829e+00
2.0666231851899473e+00
2.0695036524695420e+00
2.0654653377639902e+00
2.0647127783635200e+00
2.0657927457649219e+00
2.0699046127770906e+00
2.0659509134124687e+00
2.0631492756252854e+00
2.0647776126401993e+00
2.0674362272100413e+00
2.0691365348694055e+00
2.0666669953826293e+00
2.0667684314843395e+00
2.0662278413117079e+00
2.0663502627684625e+00
2.0638249397391886e+00
2.0649269653442182e+00
2.0645708624161960e+00
2.0668234715207130e+00
2.0694402853452654e+00
2.0661448139031404e+00
2.0673359147584640e+00
2.0664051948108235e+00
2.0653351008632757e+00
2.0661495530179077e+00
2.0672595996018091e+00
2.0675940216210229e+00
2.0662959445164222e+00
2.0703896400842958e+00
2.0662194516583430e+00
2.0692726867935853e+00
2.0696059784578478e+00
2.0671643260091996e+00
2.0680738953000866e+00
2.0670840161363331e+00
2.0679226133693263e+00
2.0623229466859185e+00
2.0649334253268719e+00
2.0678656698892355e+00
2.0677368030389087e+00
2.0654908840286899e+00
2.0670268481492369e+00
2.0688464466641103e+00
2.0672442974272904e+00
2.0628562008451699e+00
2.0661756016521644e+00
2.0660465512904134e+00
2.0668074496905908e+00
2.0670043236896247e+00
2.0678037374760581e+00
2.0690221774672595e+00
2.0607252511222662e+00
2.0686442233621842e+00
2.0648813333530649e+00
2.0646855103741300e+00
2.0632665383858022e+00
2.0654486661697899e+00
2.0657555270946726e+00
2.0637813360799009e+00
2.0620262029823393e+00
2.0624289154133102e+00
2.0637144326974064e+00
2.0660448362931070e+00
2.0684192194647504e+00
2.0637186376821073e+00
2.0677218622131259e+00
2.0616225780568995e+00
2.0613532316335998e+00
2.0663307163696745e+00
2.0618269766357984e+00
2.0642280789747942e+00
2.0667261406415682e+00
2.0619483492142829e+00
2.0631465268708040e+00
2.0651754485552543e+00
2.0641207089874389e+00
2.0655919123702193e+00
2.0641924838158547e+00
2.0693673496964906e+00
2.0727242717261771e+00
2.0676350886607704e+00
2.0669911170721202e+00
2.0642607647799864e+00
2.0680852680489470e+00
2.0641933000610551e+00
2.0702566415038253e+00
2.0662295222680247e+00
2.0666234967541448e+00
2.0650786247422133e+00
2.0682154394073429e+00
2.0688853804715719e+00
2.0693254341230549e+00
2.0692067188185468e+00
2.0644062519953672e+00
2.0649169907276108e+00
2.0666142095343365e+00
2.0632822149292700e+00
2.0656769993935331e+00
2.0642089411769367e+00
2.0676129516112165e+00
2.0655861365824677e+00
2.0642957117163658e+00
2.0685865831214101e+00
2.0667801502528218e+00
2.0665763736623712e+00
2.0689692346342978e+00
2.0654268867441363e+00
2.0657296524215520e+00
2.0683569033842413e+00
2.0675233512607147e+00
2.0659576280263181e+00
2.0636018127763940e+00
2.0618640070476673e+00
2.0663059521838498e+00
2.0689288871475706e+00
2.0675589518285959e+00
2.0663217444289259e+00
2.0674974491376390e+00
2.0672604954386613e+00
2.0695301661424907e+00
2.0646968742058367e+00
2.0660096169640081e+00
2.0666433053931073e+00
2.0649927088387057e+00
2.0678837762451896e+00
2.0661861716936674e+00
2.0671028902419475e+00
2.0662402809769165e+00
2.0665197454818753e+00
2.0645231262914296e+00
2.0680505565863547e+00
2.0659601067140332e+00
2.0643269502587764e+00
2.0660633413349836e+00
2.0685175136000953e+00
2.0675655934209867e+00
2.0661541457713870e+00
2.0676256916221916e+00
2.0721444084741143e+00
2.0711334486767865e+00
2.0668894042820454e+00
2.0677011736674760e+00
2.0650620417303247e+00
2.0680331753208963e+00
2.0711685610573416e+00
2.0697118692763934e+00
2.0718982695772517e+00
2.0690411828614708e+00
2.0719369644705448e+00
2.0700869283589736e+00
2.0689059078358842e+00
2.0671091897337148e+00
2.0675751096799386e+00
2.0700423340035301e+00
2.0655217820576781e+00
2.0649627644285569e+00
2.0698623372084684e+00
2.0669901859786965e+00
2.0676596393761009e+00
2.0675708167514544e+00
2.0675391622877797e+00
2.0690716321087783e+00
2.0665683564059125e+00
2.0642296541437575e+00
2.0685770147663525e+00
2.0675531331954708e+00
2.0694630790682091e+00
2.0657344373029933e+00
2.0657993018952019e+00
2.0678136990643923e+00
2.0616880834600586e+00
2.0642616518370818e+00
2.0676442573610321e+00
2.0657581754520411e+00
2.0696034169007862e+00
2.0708313631284185e+00
2.0663258623498866e+00
2.0676697525773062e+00
2.0684417055726687e+00
2.0686286499759472e+00
2.0676144474888645e+00
2.0640092978662139e+00
2.0660248688992833e+00
2.0667227947195270e+00
2.0674873781885332e+00
2.0646092355405998e+00
2.0627094512696167e+00
2.0644190234069284e+00
2.0666196134876795e+00
2.0653575839023537e+00
2.0650731358903225e+00
2.0659055847640571e+00
2.0657418294105612e+00
2.0674421952149968e+00
2.0676277183515679e+00
2.0659668324992770e+00
2.0624674750311631e+00
2.0634374720449582e+00
2.0677558821901592e+00
2.0651566461490920e+00
2.0662195761259290e+00
2.0692703835385351e+00
2.0691457069686687e+00
2.0689465165622543e+00
2.0685051726379875e+00
2.0672361437752045e+00
2.0666981831672926e+00
2.0663373747829561e+00
2.0653733402754746e+00
2.0670099362699927e+00
2.0640260418564753e+00
2.0675203928327943e+00
2.0698643247076629e+00
2.0643834891179544e+00
2.0639438639087655e+00
2.0664102172848913e+00
2.0688428135566697e+00
2.0659784656962521e+00
2.0663753495448600e+00
2.0697330385608632e+00
2.0657939051819993e+00
2.0666734652462870e+00
2.0700355995904389e+00
2.0673772020772101e+00
2.0676434083376103e+00
2.0669104143811512e+00
2.0678210819267848e+00
2.0646934703969788e+00
2.0654387567161496e+00
2.0648071871786566e+00
2.0639735328491216e+00
2.0680099824173901e+00
2.0662686492709255e+00
2.0704392612021216e+00
2.0657144088255470e+00
2.0702880884103823e+00
2.0694819278421268e+00
2.0690619671227952e+00
2.0640946076202851e+00
2.0651208322310568e+00
2.0664456616113385e+00
2.0661695308479988e+00
2.0657294475678634e+00
2.0670288042304219e+00
2.0668307493121025e+00
2.0666616023320423e+00
2.0693957656540185e+00
2.0698515836184419e+00
2.0666423639613880e+00
2.0658421065130015e+00
2.0696441470016449e+00
2.0700883747870882e+00
2.0682272743465013e+00
2.0680606802002059e+00
2.0653137861073092e+00
2.0643040415774139e+00
2.0693260401027049e+00
2.0658529616229342e+00
2.0614101410631656e+00
2.0679898742710425e+00
2.0669816954553508e+00
2.0644186816836521e+00
2.0643116386125975e+00
2.0655731919329718e+00
2.0659934304004293e+00
2.0622517198995114e+00
2.0669517286964179e+00
2.0655239326438970e+00
2.0680042874895261e+00
2.0640521044122533e+00
2.0657834170886189e+00
2.0663030426643565e+00
2.0658683442138766e+00
2.0651327735269445e+00
2.0682827297760160e+00
2.0650568750440415e+00
2.0636377908417303e+00
2.0632278552462981e+00
2.0684983465512481e+00
2.0668549090455475e+00
2.0657331305334785e+00
2.0676249286085873e+00
2.0657250742013846e+00
2.0690128551228057e+00
2.0644981067182253e+00
2.0634829423737919e+00
2.0662015360528110e+00
2.0695714991274623e+00
2.0667959371814617e+00
2.0669476470028667e+00
2.0606104424833975e+00
2.0660268364747871e+00
2.0687534525938003e+00
2.0691236338341863e+00
2.0659440923951018e+00
2.0683133912382807e+00
2.0663596885194635e+00
2.0667785426076115e+00
2.0690180814939914e+00
2.0626246061506284e+00
2.0674290669706399e+00
2.0689449857572439e+00
2.0657509779691394e+00
2.0710981556542820e+00
2.0663369837646717e+00
2.0659267076600756e+00
2.0650790304834934e+00
2.0675057247178121e+00
2.0691622297775001e+00
2.0685859510781026e+00
2.0694662657349610e+00
2.0664825323969205e+00
2.0690580466972723e+00
2.0656081941153484e+00
2.0671198757782463e+00
2.0668476230634942e+00
2.0666446628706745e+00
2.0669480481559357e+00
2.0664729285051475e+00
2.0661267144993873e+00
2.0701743915516495e+00
2.0682328974768458e+00
2.0659271614762162e+00
2.0686048988526298e+00
2.0703514249534987e+00
2.0721657976519112e+00
2.0654829558680849e+00
2.0680973401438929e+00
2.0664937353215547e+00
2.0711887146517154e+00
2.0647011092289458e+00
2.0662452992455935e+00
2.0658332790304810e+00
2.0666047259675886e+00
2.0674282918656015e+00
2.0663613900515485e+00
2.0651352035900143e+00
2.0692628472096670e+00
2.0688060937157489e+00
2.0685038333014081e+00
2.0672452583242582e+00
2.0697533898624187e+00
2.0656210773291073e+00
2.0637637252378629e+00
2.0704677256972648e+00
2.0672445912007809e+00
2.0672339435767655e+00
2.0686090879528316e+00
2.0659023091187154e+00
2.0699110961531555e+00
2.0718733657662924e+00
2.0668435330289441e+00
2.0667618584866037e+00
2.0691883944467313e+00
2.0685370368375593e+00
2.0643571888428514e+00
2.0679467595341534e+00
2.0673461889324396e+00
2.0669957765045508e+00
2.0652740074915208e+00
2.0642174108308393e+00
2.0652169679967032e+00
2.0686792999385339e+00
2.0636264910397788e+00
2.0657162056022691e+00
2.0649799663156281e+00
2.0665595869831619e+00
2.0673840063680644e+00
2.0651849735622640e+00
2.0677464348390187e+00
2.0624383276516642e+00
2.0664329250560751e+00
2.0677937937668012e+00
2.0689717730626125e+00
2.0697877226144508e+00
2.0668358702456842e+00
2.0680475609711091e+00
2.0665598289322520e+00
2.0682465390276632e+00
2.0679555045680225e+00
2.0653362724762991e+00
2.0629688246860232e+00
2.0631346723705848e+00
2.0657517596032595e+00
2.0627019149321733e+00
2.0681574568453711e+00
2.0656776487819446e+00
2.0628217997734644e+00
2.0613273768258362e+00
2.0641619682337620e+00
2.0696580854681086e+00
2.0640965433156180e+00
2.0638105491790619e+00
2.0663086909570541e+00
2.0640906388552520e+00
2.0690013956189817e+00
2.0661175960757330e+00
2.0666139550426483e+00
2.0682418393336257e+00
2.0666806268154083e+00
2.0668907099642051e+00
2.0666451964728090e+00
2.0636168260859828e+00
2.0671264167493937e+00
2.0654923208314089e+00
2.0677421845306490e+00
2.0683428172213874e+00
2.0685797109590269e+00
2.0674358493645553e+00
2.0652963026539140e+00
2.0694153757113449e+00
2.0664879766100577e+00
2.0651040884294751e+00
2.0669889819081946e+00
2.0681993790764999e+00
2.0670233025914979e+00
2.0657589087128709e+00
2.0670760355983093e+00
2.0699580271634352e+00
2.0676099512716406e+00
2.0649742107391789e+00
2.0690572805611231e+00
2.0668089957993909e+00
2.0705267257054709e+00
2.0676938699226244e+00
2.0716524830841387e+00
2.0681578833800409e+00
2.0688491788546641e+00
2.0669811436891981e+00
2.0701165609810976e+00
2.0707920705608180e+00
2.0677809563794662e+00
2.0699053255481905e+00
2.0679066302186038e+00
2.0661796330868634e+00
2.0671306863885106e+00
2.0646618984682008e+00
2.0652752787575146e+00
2.0618255448516520e+00
2.0639235837946877e+00
2.0657836938919991e+00
2.0672407369790533e+00
2.0701061533832199e+00
2.0657337097292565e+00
2.0646545989527785e+00
2.0708542768898415e+00
2.0664955067891460e+00
2.0716676485389729e+00
2.0694695015821307e+00
2.0695969923196524e+00
2.0685809609369756e+00
2.0687170265130446e+00
2.0663534171560669e+00
2.0658392543237629e+00
2.0673548982065078e+00
2.0661970017373257e+00
2.0667577299760049e+00
2.0661793899691436e+00
2.0671877802098666e+00
2.0653313527307744e+00
2.0676294123462116e+00
2.0635636314951120e+00
2.0680660579252481e+00
2.0671177557428773e+00
2.0608942620882065e+00
2.0644843036303269e+00
2.0687105276734141e+00
2.0684360195565881e+00
2.0665920849029495e+00
2.0650426726959243e+00
2.0671628294465263e+00
2.0670239815402600e+00
2.0718931634185163e+00
2.0655695525595998e+00
2.0678981010365596e+00
2.0669112567632681e+00
2.0687760966674440e+00
2.0683909561847456e+00
2.0672400628370067e+00
2.0689038624351905e+00
2.0675163131616743e+00
2.0684113807103035e+00
2.0673773460695881e+00
2.0696075023387803e+00
2.0683100645950137e+00
2.0683466126415815e+00
2.0686679495633715e+00
2.0672808086124790e+00
2.0712480382901002e+00
2.0650616568636391e+00
2.0645455419764538e+00
2.0684824516442952e+00
2.0683261135125548e+00
2.0696466894908858e+00
2.0668469961808160e+00
2.0654350092188651e+00
2.0671479077941286e+00
2.0677816150403867e+00
2.0666290782021135e+00
2.0700697674938309e+00
2.0682961911737188e+00
2.0701587958176013e+00
2.0685789849646121e+00
2.0698472944039050e+00
2.0675101245142633e+00
2.0650895502166784e+00
2.0637679779818101e+00
2.0673921792328089e+00
2.0661469022613121e+00
2.0715529888621318e+00
2.0642103569020107e+00
2.0684128000455977e+00
2.0657775233805604e+00
2.0642019934660660e+00
2.0699555037046538e+00
2.0661843542176808e+00
2.0632287839133090e+00
2.0676287172232750e+00
2.0638418306135660e+00
2.0673180947811436e+00
2.0691465064475518e+00
2.0678770570655556e+00
2.0670383338288110e+00
2.0676086371924054e+00
2.0681179407276926e+00
2.0655553478269510e+00
2.0683909243048864e+00
2.0688660675537895e+00
2.0640607407622675e+00
2.0642052068406698e+00
2.0642520800812214e+00
2.0665429365537507e+00
2.0647944476216016e+00
2.0663209176778747e+00
2.0650781248876893e+00
2.0695476505128125e+00
2.0709766817029993e+00
2.0677755575968790e+00
2.0692340864677767e+00
2.0642958736589221e+00
2.0636732686174022e+00
2.0674613301721281e+00
2.0679950832684644e+00
2.0697449882480847e+00
2.0684757025198754e+00
2.0688540589719717e+00
2.0687818059212195e+00
2.0661027142547357e+00
2.0669863540341309e+00
2.0657532847782822e+00
2.0679003546933727e+00
2.0672633252378478e+00
2.0695742713446936e+00
2.0690058506085927e+00
2.0697702624306751e+00
2.0666356516070929e+00
2.0686318287231367e+00
2.0647299676839772e+00
2.0675632634059729e+00
2.0668394707336688e+00
2.0683517388573809e+00
2.0667846471377231e+00
2.0653053227468345e+00
2.0677182985956146e+00
2.0664100739951592e+00
2.0706624063917274e+00
2.0696594354532087e+00
2.0673483471984162e+00
2.0678383521713992e+00
2.0678163015440369e+00
2.0645943588359423e+00
2.0660366467476261e+00
2.0655984722528729e+00
2.0646717722624293e+00
2.0645076943945839e+00
2.0639721320305884e+00
2.0651051592048901e+00
2.0615623376106087e+00
2.0626502241440501e+00
2.0661893535442730e+00
2.0611262251119453e+00
2.0620447592623097e+00
2.0661382587223511e+00
2.0659573548112555e+00
2.0645077451368903e+00
2.0653988287928797e+00
2.0651791690322248e+00
2.0616139739002377e+00
2.0662242140096678e+00
2.0642281114707490e+00
2.0657312079522812e+00
2.0663698219241100e+00
2.0710159507438357e+00
2.0634084068065892e+00
2.0644666730187118e+00
2.0704884891337461e+00
2.0677922873860410e+00
2.0661534211878156e+00
2.0664222905073011e+00
2.0665398270043362e+00
2.0676791776787078e+00
2.0693169754001759e+00
2.0667945041481155e+00
2.0671898632279402e+00
2.0737470232468715e+00
2.0659336254984200e+00
2.0670379903202281e+00
2.0658010590457891e+00
2.0652024989333038e+00
2.0683420453717276e+00
2.0645214025085994e+00
2.0680716447541818e+00
2.0685953431008159e+00
2.0688098349379520e+00
2.0662325208785597e+00
2.0708266469679129e+00
2.0683162902281449e+00
2.0629523845602633e+00
2.0674464549199922e+00
2.0630138019141770e+00
2.0657148471245694e+00
2.0681121684189083e+00
2.0655142921202914e+00
2.0692992160880364e+00
2.0665699143356768e+00
2.0658234094105161e+00
2.0654169753392124e+00
2.0673002775258529e+00
2.0646766449887046e+00
2.0679697695698671e+00
2.0642825816206241e+00
2.0671411488294509e+00
2.0674528737531972e+00
2.0706335326317156e+00
2.0714030725636374e+00
2.0643813067542163e+00
2.0666808466047444e+00
2.0661606847515404e+00
2.0677391723450209e+00
2.0683208421391419e+00
2.0687679149537153e+00
2.0687269633677592e+00
2.0705226092797759e+00
2.0684752565392430e+00
2.0673955639345865e+00
2.0682305543960098e+00
2.0676192442756274e+00
2.0658061132146623e+00
2.0692230710637314e+00
2.0635656834270457e+00
2.0686464406743910e+00
2.0671879510312263e+00
2.0692329395152398e+00
2.0669359282572870e+00
2.0672898387035419e+00
2.0665452784743543e+00
2.0692530633300343e+00
2.0671361406216016e+00
2.0673854769092808e+00
2.0663968261971273e+00
2.0663817567122398e+00
2.0702795465757662e+00
2.0689899824164928e+00
2.0681504783938141e+00
2.0657803394002232e+00
2.0656442975163407e+00
2.0663862139234532e+00
2.0661816598360292e+00
2.0655309129662149e+00
2.0634176170220271e+00
2.0642743682173590e+00
2.0663179829139136e+00
2.0673052875738156e+00
2.0675922931662623e+00
2.0675273931723597e+00
2.0698886532801448e+00
2.0670160148778902e+00
2.0660455075232145e+00
2.0670954748654338e+00
2.0646649576584983e+00
2.0703680111157809e+00
2.0671752337907261e+00
2.0691124687731755e+00
2.0668108952732509e+00
2.0671322912618577e+00
2.0665842390899440e+00
2.0671676358580804e+00
2.0660769470402118e+00
2.0655895351836833e+00
2.0682239535830416e+00
2.0673891722393924e+00
2.0681389589325159e+00
2.0680376064300412e+00
2.0669031913921110e+00
2.0680742155949070e+00
2.0673841072221886e+00
2.0681005615094414e+00
2.0668810188059052e+00
2.0602829246793553e+00
2.0626499339363433e+00
2.0645968526761682e+00
2.0632809470527920e+00
2.0612090101351876e+00
2.0621382558406420e+00
2.0642296213329128e+00
2.0640313931134071e+00
2.0633655452622484e+00
2.0617496085425522e+00
2.0624851505611344e+00
2.0657268764648489e+00
2.0663422349787890e+00
2.0680462202558147e+00
2.0615372841370605e+00
2.0660942525026726e+00
2.0634236807458586e+00
2.0640455830656586e+00
2.0663298064295978e+00
2.0609993421872534e+00
2.0646759633086376e+00
2.0646176503476794e+00
2.0683938295790298e+00
2.0661173133841864e+00
2.0657412853189165e+00
2.0685283662091352e+00
2.0655769148666163e+00
2.0648453257746548e+00
2.0671982206712296e+00
2.0657345957399351e+00
2.0682433532797626e+00
2.0659557256003294e+00
2.0679692571942612e+00
2.0679547235834512e+00
2.0658484860682278e+00
2.0684684670825613e+00
2.0669421261452849e+00
2.0673323966044674e+00
2.0640162021467354e+00
2.0689190659888257e+00
2.0673528672143706e+00
2.0658715437173578e+00
2.0650606124357274e+00
2.0670203007109631e+00
2.0668581054201893e+00
2.0652940495666066e+00
2.0661156487862908e+00
2.0697908286138440e+00
2.0667442075967295e+00
2.0662479404589784e+00
2.0666913652512924e+00
2.0676314388671861e+00
2.0670245412578758e+00
2.0653631481929269e+00
2.0659568730299132e+00
2.0633991561374656e+00
2.0675689265483057e+00
2.0654454628842580e+00
2.0682628622238819e+00
2.0656790636973601e+00
2.0629291898116517e+00
2.0687058243433025e+00
2.0676955432662787e+00
2.0668046805102103e+00
2.0645586837787619e+00
2.0687740217823296e+00
2.0690858988243401e+00
2.0669267305005401e+00
2.0693871906092540e+00
2.0645598394059497e+00
2.0666017448436045e+00
2.0686822064170509e+00
2.0626015303651135e+00
2.0665628765576876e+00
2.0674107673977713e+00
2.0656006414765389e+00
2.0652028146236656e+00
2.0733926489782748e+00
2.0695417994482628e+00
2.0673363198016474e+00
2.0616983290956301e+00
2.0669587843345725e+00
2.0705290231397449e+00
2.0692378277768282e+00
2.0671634714079441e+00
2.0653205862729958e+00
2.0674481100373221e+00
2.0656741096949656e+00
2.0680570207107158e+00
2.0672605611258232e+00
2.0649181206658866e+00
2.0681452225690991e+00
2.0694014830740466e+00
2.0670575424096049e+00
2.0714088346576154e+00
2.0678906265638832e+00
2.0686983072915281e+00
2.0659859096312387e+00
2.0678825589057617e+00
2.0694413600113202e+00
2.0631647272142071e+00
2.0647718591271813e+00
2.0673966394839520e+00
2.0689636258322275e+00
2.0667989620798206e+00
2.0647931132554667e+00
2.0669975031466872e+00
2.0675620967250166e+00
2.0664518752047720e+00
2.0655812394169257e+00
2.0657729932371414e+00
2.0664541567538470e+00
2.0689079347566284e+00
2.0671248280737768e+00
2.0669953421809515e+00
2.0674844945444946e+00
2.0670249862645682e+00
2.0679428318064739e+00
2.0647676520802398e+00
2.0659148199417672e+00
2.0685263410176487e+00
2.0662354753849677e+00
2.0698922003091615e+00
2.0688384458512719e+00
2.0658738118838751e+00
2.0671014743223113e+00
2.0675603854026177e+00
2.0695405534322795e+00
2.0701291844464413e+00
2.0677031420091447e+00
2.0660401457526603e+00
2.0671112252118671e+00
2.0696983908598257e+00
2.0670225348339213e+00
2.0671282185999229e+00
2.0708843062246589e+00
2.0684923561975697e+00
2.0650469485568497e+00
2.0665841429658989e+00
2.0679742784658206e+00
2.0656520223714918e+00
2.0667051106728844e+00
2.0665946425063950e+00
2.0685225531589517e+00
2.0651065602320027e+00
2.0656031016235974e+00
2.0657477975526066e+00
2.0656867056527579e+00
2.0659252935866244e+00
2.0656226329838998e+00
2.0663919316350783e+00
2.0708453299223382e+00
2.0639212141883529e+00
2.0689041491941054e+00
2.0680454642853063e+00
2.0689438023585964e+00
2.0656548599165339e+00
2.0647574505279924e+00
2.0679006751980293e+00
2.0664925775477778e+00
2.0687687734895959e+00
2.0670082019132621e+00
2.0668953877287470e+00
2.0677177308529591e+00
2.0696464832955148e+00
2.0684847730663924e+00
2.0661581809875806e+00
2.0665768411176519e+00
2.0678770695209150e+00
2.0659363458730957e+00
2.0673107688108519e+00
2.0681055369215509e+00
2.0678134442358114e+00
2.0694047510533609e+00
2.0677230195140508e+00
2.0675315045532412e+00
2.0672155567310697e+00
2.0678154653232212e+00
2.0633480688585517e+00
2.0664240871625825e+00
2.0673768718155716e+00
2.0660194206161866e+00
2.0687177850551226e+00
2.0722177837988127e+00
2.0688875426265678e+00
2.0643812113448554e+00
2.0673030672625292e+00
2.0684980579068508e+00
2.0682305878890204e+00
