1.3871288148174401e+00
1.3942733515368104e+00
1.3893760094799859e+00
1.3882611670721967e+00
1.3902656873586430e+00
1.3882805929888367e+00
1.3894181694165535e+00
1.3854003068469671e+00
1.3877138790602555e+00
1.3890330465028116e+00
1.3915666479588602e+00
1.3939924684704463e+00
1.3912974275672969e+00
1.4012165686439653e+00
1.3878765433659206e+00
1.3877841879622916e+00
1.3870843134084112e+00
1.3839832274763062e+00
1.3771981387680015e+00
1.3821643677775997e+00
1.3942545553524603e+00
1.3874103832290026e+00
1.3918101880272200e+00
1.3897050229067254e+00
1.3886406585450597e+00
1.3884550457425602e+00
1.3862640191035716e+00
1.3903417449296456e+00
1.3863637943335096e+00
1.3834918630212218e+00
1.3846448201631782e+00
1.3887876700051975e+00
1.3902173248183702e+00
1.3884071353195342e+00
1.3936107198163192e+00
1.3938296378459050e+00
1.3886145410249415e+00
1.3832623831355193e+00
1.3955819523133162e+00
1.3858690763677535e+00
1.3880508006844048e+00
1.3866037457640807e+00
1.3844103216677759e+00
1.3964031045025622e+00
1.3921473246540710e+00
1.3872497989591703e+00
1.3910232651593282e+00
1.3874025229137239e+00
1.4004433087540329e+00
1.3918611727772647e+00
1.3903607088275141e+00
1.3868430161133851e+00
1.3969802690218094e+00
1.3873700771707054e+00
1.3859270036032683e+00
1.3908506788181914e+00
1.3880259973189431e+00
1.3962453220598103e+00
1.3936381801337669e+00
1.3884489465277190e+00
1.3818192350554117e+00
1.3976947815674012e+00
1.3915387149949610e+00
1.3865965911472828e+00
1.3924652995553195e+00
1.3871210919079970e+00
1.3933558272479321e+00
1.3874949225650577e+00
1.3882038176830687e+00
1.3929437571028149e+00
1.3863667882264490e+00
1.3872364834178914e+00
1.3871358270017469e+00
1.3914733465693123e+00
1.3825551121292647e+00
1.3795673051125288e+00
1.3798429099851710e+00
1.3908862223015008e+00
1.3951910936275465e+00
1.3901797111833047e+00
1.3903179399065964e+00
1.3926318927144383e+00
1.3836522945575032e+00
1.3808016810753865e+00
1.3850990484362171e+00
1.3869324594872150e+00
1.3914865299839729e+00
1.3877219298748338e+00
1.3882963083965025e+00
1.3904818357094300e+00
1.3942509132477012e+00
1.3874680307487093e+00
1.3914423463059638e+00
1.3882579901098175e+00
1.3956869797724052e+00
1.3972611993712984e+00
1.3904654621120465e+00
1.3845771203841055e+00
1.3896324405511791e+00
1.3905059826409267e+00
1.3914067053365782e+00
1.3915434721966768e+00
1.3838526705200589e+00
1.3926141155233058e+00
1.3799931339378915e+00
1.3898957174412321e+00
1.3895158785434187e+00
1.3833161177916082e+00
1.3894408924930344e+00
1.3920329293133158e+00
1.3895531335349534e+00
1.3919018129968161e+00
1.3875069529023785e+00
1.3851760280173167e+00
1.3794771358972404e+00
1.3846589350153415e+00
1.3929468785433181e+00
1.3924248860119286e+00
1.3841112606808315e+00
1.3912045082958204e+00
1.3855037094782865e+00
1.3913665231393606e+00
1.3887369539705310e+00
1.3925559771227285e+00
1.3882583110977773e+00
1.3885037429644767e+00
1.3892369287383062e+00
1.3902254089311168e+00
1.3977848113522169e+00
1.3912288988611472e+00
1.3892817120883330e+00
1.3953496952493547e+00
1.3953699167748546e+00
1.3910078395294914e+00
1.3893135381458883e+00
1.3923605823854264e+00
1.3945311288907483e+00
1.3906396984528573e+00
1.3910814307747461e+00
1.3886609836962511e+00
1.3874629657952713e+00
1.3914889522586869e+00
1.3868586113903334e+00
1.3928315768191084e+00
1.3890348279011733e+00
1.3931522866118933e+00
1.3853415343948992e+00
1.3874255954479853e+00
1.3827651991878340e+00
1.3884360546162913e+00
1.3883243837825061e+00
1.3811847670151043e+00
1.3890746377823957e+00
1.3889672245398728e+00
1.3959342736595015e+00
1.3892854005005644e+00
1.3795728432215448e+00
1.3941519833267033e+00
1.3884723807224912e+00
1.3919291498059423e+00
1.3835023821944958e+00
1.3863644514753439e+00
1.3852785091000548e+00
1.3883170486074254e+00
1.3922413280408492e+00
1.3892210122922233e+00
1.3958789150984547e+00
1.3912085728682391e+00
1.3952283023500154e+00
1.3885036020677333e+00
1.3903622756638121e+00
1.3941984948336750e+00
1.3805129471584934e+00
1.3925902199963771e+00
1.3887096681067987e+00
1.3905481498694356e+00
1.3912533521197481e+00
1.3869606319937491e+00
1.3924965107701415e+00
1.3910472049820253e+00
1.3878849499131398e+00
1.3841242434356118e+00
1.3871542006206543e+00
1.3987485876180703e+00
1.3900039941462075e+00
1.3816773528527471e+00
1.3871431203217905e+00
1.3837022310971918e+00
1.3848741930728217e+00
1.3841154599159804e+00
1.3838727520941922e+00
1.3956946537340682e+00
1.3904490243195839e+00
1.3879688225147004e+00
1.3845187507842915e+00
1.3879809048021976e+00
1.3904987162390168e+00
1.3879537396720991e+00
1.3913893287566153e+00
1.3934374721869742e+00
1.3942529729066699e+00
1.3993710125066734e+00
1.3896193484990775e+00
1.3793644423547804e+00
1.3932378301141330e+00
1.3871853071860609e+00
1.3990136935025574e+00
1.3848665431369309e+00
1.3854350380543072e+00
1.3826579229961382e+00
1.3876473471101027e+00
1.3877884979347481e+00
1.3902243451805318e+00
1.3843567628994016e+00
1.3870142017690921e+00
1.3936535598054762e+00
1.3989609108420966e+00
1.3924722618330352e+00
1.3943454524534431e+00
1.3802476320952533e+00
1.3877865787822774e+00
1.3849086875808474e+00
1.3840352006114063e+00
1.3906135213621189e+00
1.3807254044102866e+00
1.3872623378854072e+00
1.3883075836530636e+00
1.3850072081029399e+00
1.3793428618662915e+00
1.3945781676250071e+00
1.3897316353775981e+00
1.3861973147803635e+00
1.3819626985634790e+00
1.3856530414980135e+00
1.3888293640965006e+00
1.3846727051579906e+00
1.3907842148053138e+00
1.3880274625574061e+00
1.3901941043739452e+00
1.3880302948545233e+00
1.3880471532628762e+00
1.3901912653494264e+00
1.3895235788101814e+00
1.3858645692402802e+00
1.3876085366012429e+00
1.3888415305808355e+00
1.3866522996334101e+00
1.3859408490698530e+00
1.3834248885141260e+00
1.3936803951579353e+00
1.3907078854128301e+00
1.3926907989490749e+00
1.3876772847366261e+00
1.3863586004500099e+00
1.3885883333736053e+00
1.3863259729431991e+00
1.3941639261254783e+00
1.3934029271603059e+00
1.3996859493336924e+00
1.3887593064285071e+00
1.3831848558473554e+00
1.3905312045890994e+00
1.3934745206085657e+00
1.3949602408941832e+00
1.3884622022115896e+00
1.3893560803552445e+00
1.3875199718623783e+00
1.3833744461256636e+00
1.3882309677349476e+00
1.3794122841780776e+00
1.3866302054725228e+00
1.3843983433682949e+00
1.3896663550657526e+00
1.3812169162392696e+00
1.3906149700752930e+00
1.3886827576648066e+00
1.3868866316767676e+00
1.3891338608362245e+00
1.3837317677057623e+00
1.3904324076212069e+00
1.3808745357286980e+00
1.3855429242233519e+00
1.3920268456572096e+00
1.3798511539015779e+00
1.3838715923796068e+00
1.3923589122011386e+00
1.3904778792572259e+00
1.3860445105267118e+00
1.3934356329830158e+00
1.3843369752670787e+00
1.3893198182145741e+00
1.3945931161633887e+00
1.3873939684372385e+00
1.3915248769987023e+00
1.3908531650411842e+00
1.3853639731901033e+00
1.3905536068672468e+00
1.3783217333794064e+00
1.3887102893277659e+00
1.3957898661636960e+00
1.3896085861413334e+00
1.3844982397521637e+00
1.3858359919004197e+00
1.3905921339873382e+00
1.3852582971813383e+00
1.3909359276698134e+00
1.3963111703565467e+00
1.3896405131317839e+00
1.3969955288692966e+00
1.3902162551083537e+00
1.3888887089378938e+00
1.3876139829324619e+00
1.3902173783290266e+00
1.3923330876136069e+00
1.3859429542667769e+00
1.3909112688654457e+00
1.3867650558253917e+00
1.3884953623631813e+00
1.3921198826919408e+00
1.3898881415953255e+00
1.3908493318586270e+00
1.3864708257332141e+00
1.3915521644052318e+00
1.3808846847789180e+00
1.3914389054023537e+00
1.3880645820063293e+00
1.3841950533042162e+00
1.3957555289533659e+00
1.3984962647367105e+00
1.3907640763486786e+00
1.3887500623016831e+00
1.3895407842985008e+00
1.3866723086385455e+00
1.3906795774213039e+00
1.3876626159716998e+00
1.3864495325496140e+00
1.3909134178379470e+00
1.3869344317464591e+00
1.3919042778506068e+00
1.3898697443440298e+00
1.3857035992620321e+00
1.3881724327991243e+00
1.3935147512554931e+00
1.3967459047082424e+00
1.3917515327203231e+00
1.3932433884692859e+00
1.3851691598384861e+00
1.3936728291707681e+00
1.3903596994677103e+00
1.3910265948073717e+00
1.3850834936381931e+00
1.3871556444241844e+00
1.3846779228428951e+00
1.3933328098188564e+00
1.3882086670916547e+00
1.3809276758107958e+00
1.3870201059887119e+00
1.3872613919602468e+00
1.3872070596209047e+00
1.3943444962093456e+00
1.3893489506287688e+00
1.3896151735177746e+00
1.3888070052406043e+00
1.3800694907488642e+00
1.3817674426442716e+00
1.3877366625705509e+00
1.3977481477841798e+00
1.3946187019610807e+00
1.3929557435877211e+00
1.3907667318599815e+00
1.3909673693790257e+00
1.3868669572196868e+00
1.3851320588864826e+00
1.3873348182358198e+00
1.3888178205112627e+00
1.3960498892693813e+00
1.3859942374043071e+00
1.3916870086533235e+00
1.3905821688467774e+00
1.3880311141325699e+00
1.3876811067580828e+00
1.3907183702380923e+00
1.3913495453798215e+00
1.3904996971697774e+00
1.3904711932974816e+00
1.3878436120671207e+00
1.3920432646586116e+00
1.3823786110654266e+00
1.3893876231926139e+00
1.3861467034487009e+00
1.3922145070498486e+00
1.3810384887601288e+00
1.3865216220131558e+00
1.3883014435614960e+00
1.3880783114968918e+00
1.3915781179121023e+00
1.3859450378104559e+00
1.3839314782103578e+00
1.3874358086965606e+00
1.3859320684574026e+00
1.3860721254300332e+00
1.3951657859046402e+00
1.3937456507411345e+00
1.3909107180360485e+00
1.3988706331260172e+00
1.3924958398837715e+00
1.3933788476134021e+00
1.3869586216937861e+00
1.3839814678128011e+00
1.3876842734554551e+00
1.3906451594691494e+00
1.3864052754958383e+00
1.3910893371204633e+00
1.3946314019033228e+00
1.3889268385299651e+00
1.3861754293614910e+00
1.3865879680351287e+00
1.3838321996335752e+00
1.3912490272591960e+00
1.3943268809722664e+00
1.3978604974231510e+00
1.3879520224425725e+00
1.3904957340018071e+00
1.3849558601247365e+00
1.3797371955523321e+00
1.3866734433116126e+00
1.3800488267854378e+00
1.3791195321732925e+00
1.3858806222737987e+00
1.3919695892995056e+00
1.3802742437283972e+00
1.3875792534544551e+00
1.3844504832284554e+00
1.3954345760124383e+00
1.3865520946753698e+00
1.3804654689521334e+00
1.3875895938069942e+00
1.3842573852094144e+00
1.3920219149217896e+00
1.3915223603515621e+00
1.3875286255684365e+00
1.3888308815844406e+00
1.3855136330522371e+00
1.3923602313890349e+00
1.3947529794912343e+00
1.3863351627422400e+00
1.3914316767927739e+00
1.3901466360003460e+00
1.3857497506595855e+00
1.3924252773905945e+00
1.3863944553167624e+00
1.3816455033445461e+00
1.3863322994425020e+00
1.3786461637901137e+00
1.3951638908442447e+00
1.3885903689663774e+00
1.3859926410562824e+00
1.3955312234405095e+00
1.3863502106511172e+00
1.3911551320806954e+00
1.3859933085800300e+00
1.3850312524412047e+00
1.3864779927975952e+00
1.3867648111714157e+00
1.3857535549710389e+00
1.3855886627745495e+00
1.3842417319370899e+00
1.3771864188125826e+00
1.3875507001619691e+00
1.3908532433724210e+00
1.3927822157216507e+00
1.3878063104094747e+00
1.3884305538798563e+00
1.3933028498890645e+00
1.3834587729896537e+00
1.3793423982558997e+00
1.3989505060037375e+00
1.3831105189679789e+00
1.3938606866255150e+00
1.3871218111468744e+00
1.3905917131775041e+00
1.3875587426889371e+00
1.3897228228473271e+00
1.3848000893227086e+00
1.3926423993351331e+00
1.3853561438563951e+00
1.3938233583992059e+00
1.3870286966730319e+00
1.3922403602173279e+00
1.3933244805432334e+00
1.3775723444724137e+00
1.3822011408505979e+00
1.3861371232639952e+00
1.3879853299690710e+00
1.3908757238290119e+00
1.3892143976696609e+00
1.3991239798937121e+00
1.3909992406983787e+00
1.3824139505088808e+00
1.3923737499369562e+00
1.3909726124797999e+00
1.3874806997819291e+00
1.3851314314727736e+00
1.3844769451650756e+00
1.3915584679661055e+00
1.3855155897909264e+00
1.3928165633954481e+00
1.3883360908200670e+00
1.3914906912519085e+00
1.3886969312572386e+00
1.3934165813360269e+00
1.3850666808880863e+00
1.3898619161264927e+00
1.3903768259951192e+00
1.3875627361099525e+00
1.3906157048736105e+00
1.3899725390425239e+00
1.3930193778789028e+00
1.3809217039040103e+00
1.3889148646948026e+00
1.3891649351756612e+00
1.3935227787951801e+00
1.3949309738492850e+00
1.3934208424853327e+00
1.3915773773993791e+00
1.3972075597628428e+00
1.3848880351178103e+00
1.3934114172980239e+00
1.3816434259279504e+00
1.3921641411756249e+00
1.3909765024955572e+00
1.3806867979829851e+00
1.3851557144061577e+00
1.3856181249012487e+00
1.3915980942538748e+00
1.3927420030362285e+00
1.3816607901835274e+00
1.3886872764317095e+00
1.3897088309895456e+00
1.3858326589346017e+00
1.3832445858360229e+00
1.3900542779877281e+00
1.3930451925535881e+00
1.3888656523670990e+00
1.3841428086929628e+00
1.3878031810650564e+00
1.3946219053355298e+00
1.3880260983749277e+00
1.3870488262233340e+00
1.3836397044471038e+00
1.3952224702987486e+00
1.3895129261777655e+00
1.3868374906112289e+00
1.3968594059729724e+00
1.3928603647238242e+00
1.3933430603605348e+00
1.3806719477890352e+00
1.3838950149811684e+00
1.4011682968003012e+00
1.3882357457919967e+00
1.3915061105131450e+00
1.3810208859860769e+00
1.3874289700387763e+00
1.3862588766886106e+00
1.3926838417280101e+00
1.3921578645962935e+00
1.3868720943651660e+00
1.3904896223599124e+00
1.3900170205497167e+00
1.3921993226609761e+00
1.3935480177719513e+00
1.3909264386671427e+00
1.3928034716411384e+00
1.3811010545722571e+00
1.3857935203993892e+00
1.3879628955697907e+00
1.3908486622746710e+00
1.3850745580948522e+00
1.3858933564269922e+00
1.3902841844034584e+00
1.3863195907558961e+00
1.3963391375567180e+00
1.3899293854008015e+00
1.3850873360870668e+00
1.3876098496429263e+00
1.3853699943937074e+00
1.3927901847731861e+00
1.3857916763796041e+00
1.3901728991301106e+00
1.3870927515107094e+00
1.3823700873650226e+00
1.3813123240101746e+00
1.3837764103504007e+00
1.3796311041916012e+00
1.3811989856153115e+00
1.3858264563141536e+00
1.3865673103974008e+00
1.3792797610783367e+00
1.3905197406536469e+00
1.3836317090807648e+00
1.3791340506412275e+00
1.3889289033379315e+00
1.3880071061489676e+00
1.3863859745390503e+00
1.3850863963516016e+00
1.3896132773035603e+00
1.3909639368261788e+00
1.3980202610674162e+00
1.3892740514204316e+00
1.3973943707330074e+00
1.3850650833067484e+00
1.3866747618218500e+00
1.3846700916002639e+00
1.3851979708755611e+00
1.3767541102770988e+00
1.3857151646332870e+00
1.3874561620024028e+00
1.3964621856992532e+00
1.3917164397699044e+00
1.3896893874104534e+00
1.3801948209800854e+00
1.3958646549983058e+00
1.3890009797978831e+00
1.3846993791710809e+00
1.3915018419234739e+00
1.3871779873949619e+00
1.3844183946945392e+00
1.3867581683436496e+00
1.3917945999397030e+00
1.3878251421173029e+00
1.3934124702246484e+00
1.3930412732465598e+00
1.3772920229076300e+00
1.3859040922243135e+00
1.3936750867170415e+00
1.3856277195750997e+00
1.3882282535059505e+00
1.3797715094001761e+00
1.3876979178230417e+00
1.3950696681657495e+00
1.3901989251504017e+00
1.3911406433282378e+00
1.3910923557024013e+00
1.3891496201015430e+00
1.3837876819138302e+00
1.3888982709363109e+00
1.3890631468236183e+00
1.3905458829133537e+00
1.3869392412439019e+00
1.3870360782632598e+00
1.3887918961416030e+00
1.3841887557393828e+00
1.3914056317359886e+00
1.3831953882220975e+00
1.3861600215661596e+00
1.3956141525862040e+00
1.3890528431333806e+00
1.3878458684124848e+00
1.3980046882964630e+00
1.3920151892675066e+00
1.3868008417940116e+00
1.3864235162423124e+00
1.3842633195596674e+00
1.3900549364623227e+00
1.3918395192124164e+00
1.3932622646735260e+00
1.3922564495226568e+00
1.3918666752223754e+00
1.3915788370781055e+00
1.3888993344609182e+00
1.3969652371160108e+00
1.3953186424275801e+00
1.3878555642399135e+00
1.3922795558071528e+00
1.3907636445081089e+00
1.3893749907572837e+00
1.3973827294894685e+00
1.3893004789406522e+00
1.3948884713839718e+00
1.3861858618159164e+00
1.3875471137934010e+00
1.3831166583829984e+00
1.3879668159901752e+00
1.3810588037088456e+00
1.3818069876524142e+00
1.3877228318584176e+00
1.3836265852549008e+00
1.3873773057467280e+00
1.3835686802262899e+00
1.3920819505335704e+00
1.3848921204189850e+00
1.3866954920425110e+00
1.3832185493608105e+00
1.3900495991888357e+00
1.3923523859649343e+00
1.3845359717024535e+00
1.3866157577551383e+00
1.3864993072212020e+00
1.3971674197088502e+00
1.3930173956281291e+00
1.3863105666079703e+00
1.3871631219293727e+00
1.3879094276513866e+00
1.3817207539164584e+00
1.3830997319934981e+00
1.3892300781063014e+00
1.3838626108957666e+00
1.3974887766310529e+00
1.3819365453648915e+00
1.3835116351015184e+00
1.3918239691656602e+00
1.3889464828486080e+00
1.3918762282258246e+00
1.3832696193202836e+00
1.3964869118174379e+00
1.3959570000968879e+00
1.3845813071892075e+00
1.3752768005549385e+00
1.3865262807955430e+00
1.3879088376554141e+00
1.3848887601097590e+00
1.3935040134230732e+00
1.3821609732394116e+00
1.3825712916358495e+00
1.3877514278891103e+00
1.3917600002811490e+00
1.3901238541102243e+00
1.3867090668118582e+00
1.3885335841404072e+00
1.3868203146142097e+00
1.3919480350635831e+00
1.3870066188951984e+00
1.3873104400273217e+00
1.3831199456441376e+00
1.3875675900946602e+00
1.3894402370640269e+00
1.3875833313768104e+00
1.3917997897311949e+00
1.3842443434671488e+00
1.3814355356536518e+00
1.3853128264273789e+00
1.3894209253578469e+00
1.3852575640850666e+00
1.3927896241041295e+00
1.3829400539006880e+00
1.3886520306507151e+00
1.3902980286389426e+00
1.3840332549056671e+00
1.3878198343693982e+00
1.3914967722902933e+00
1.3980131374750087e+00
1.3800949570348904e+00
1.3921602395361752e+00
1.3890467479064881e+00
1.3844040715003987e+00
1.3821326180379749e+00
1.3829694982650498e+00
1.3944005876681793e+00
1.3899774428539697e+00
1.3867196785859079e+00
1.3884658172094175e+00
1.3896488864598056e+00
1.3819766483940334e+00
1.3942280434862875e+00
1.3967909564399541e+00
1.3822487792217248e+00
1.3909879971128920e+00
1.3875826165639376e+00
1.3885028505277692e+00
1.3943265246916632e+00
1.3947928896885529e+00
1.3924112810938787e+00
1.3879521094786842e+00
1.3948280211791222e+00
1.3895014261504766e+00
1.3898005795923574e+00
1.3836369202703318e+00
1.3934258531416948e+00
1.4025697645260600e+00
1.3923365095351248e+00
1.3839508561809877e+00
1.3913333309479292e+00
1.3876943370880424e+00
1.3901324702984601e+00
1.3956740562735188e+00
1.3816232203528092e+00
1.4002701902997987e+00
1.3924353914272294e+00
1.3863314556783985e+00
1.3862442322866422e+00
1.3941026206441063e+00
1.3841077107236111e+00
1.3945172140475375e+00
1.4002507736470309e+00
1.3859341542178161e+00
1.3863126705805193e+00
1.3897955437442679e+00
1.3847177580541856e+00
1.3849309504362333e+00
1.3913357980937000e+00
1.3875750340419071e+00
1.3856936326477671e+00
1.3870444228259888e+00
1.3859418886335177e+00
1.3938026821338720e+00
1.3957352237470448e+00
1.3894220091130514e+00
1.3860196964931006e+00
1.3928911344551136e+00
1.3899045118745896e+00
1.3880536722101706e+00
1.3901074768780362e+00
1.3864866195622607e+00
1.3827919454320086e+00
1.3953355300565546e+00
1.3901877215936163e+00
1.3853823177521740e+00
1.3914027671984357e+00
1.3912583665029057e+00
1.3912522920960158e+00
1.3840727645928859e+00
1.3828926307641394e+00
1.3808842033863005e+00
1.3861413200287143e+00
1.3862454798494437e+00
1.3848701644841455e+00
1.3780389438903820e+00
1.3796037112085937e+00
1.3833035694837204e+00
1.3781458103946542e+00
1.3854709551795776e+00
1.3817206743739174e+00
1.3829924955662334e+00
1.3787586369787077e+00
1.3793419856931601e+00
1.3830689992731093e+00
1.3819963014934666e+00
1.3811009221807531e+00
1.3796064113671802e+00
1.3838057802102111e+00
1.3727547322077276e+00
1.3849034979719381e+00
1.3810466531876398e+00
1.3898138933364532e+00
1.3895729589337840e+00
1.3904008254230666e+00
1.3866213967323080e+00
1.3878734639850767e+00
1.3917206850452370e+00
1.3814551842810125e+00
1.3819184921649192e+00
1.3834159462818132e+00
1.3910170195286753e+00
1.3850639052126859e+00
1.3903811949022777e+00
1.3840759506294618e+00
1.3862440016943605e+00
1.3866136133057256e+00
1.3902505851130833e+00
1.3834975687064055e+00
1.3829971885521688e+00
1.3884489164234741e+00
1.3855649272706991e+00
1.3851949289343992e+00
1.3894691920688940e+00
1.3839069195498677e+00
1.3858418197516851e+00
1.3845288734810637e+00
1.3829335805034315e+00
1.3838393403303553e+00
1.3909735590848784e+00
1.3860645336027615e+00
1.3880217483207364e+00
1.3890953447517926e+00
1.3896224483582167e+00
1.3869900250362053e+00
1.3870577237153421e+00
1.3807697970162600e+00
1.3909765428067287e+00
1.3892394684656058e+00
1.3889184882218935e+00
1.3899060376771963e+00
1.3882366870249638e+00
1.3740152572315256e+00
1.3865213825317702e+00
1.3885901977142359e+00
1.3839398159614149e+00
1.3950503917222683e+00
1.3900614868655297e+00
1.3946768369142155e+00
1.3859762409410272e+00
1.3896344581016906e+00
1.3791555116880749e+00
1.3853833869913093e+00
1.3927792551591436e+00
1.3908751880715198e+00
1.3877465121343537e+00
1.3900490349251260e+00
1.3859172915895819e+00
1.3914741215375361e+00
1.3936561550135078e+00
1.3896357693872063e+00
1.3932450653024062e+00
1.3806290664207470e+00
1.3879824561782279e+00
1.3897216680398650e+00
1.3961295132901785e+00
1.3817554755241439e+00
1.3852068360607313e+00
1.3849161935922278e+00
1.3926943917082550e+00
1.3870700494620458e+00
1.3827835234546189e+00
1.3899063183301728e+00
1.3917974228444876e+00
1.3812417499460370e+00
1.3812845557276781e+00
1.3864931423259905e+00
1.3801593064917572e+00
1.3858202993125761e+00
1.3835436366478382e+00
1.3855998004888448e+00
1.3876807310322425e+00
1.3899571301336122e+00
1.3880367832415488e+00
1.3882520241535348e+00
1.3786757295583800e+00
1.3818964143896657e+00
1.3901144023630201e+00
1.3857296071889014e+00
1.3860619595189785e+00
1.3779500661747666e+00
1.3852245471812992e+00
1.3800583370245867e+00
1.3943921830788462e+00
1.3871102955034369e+00
1.3814650796133527e+00
1.3908904619782059e+00
1.3883062779715329e+00
1.3878305652524061e+00
1.3935516328344015e+00
1.3881903742056154e+00
1.3922116159439242e+00
1.3929164689158118e+00
1.3898747087776904e+00
1.3865139370184953e+00
1.3933982967258165e+00
1.3899656869335901e+00
1.3828121020448263e+00
1.3935445615032280e+00
1.3859434649749269e+00
1.3933967256747846e+00
1.3875655005360181e+00
1.3975533725459279e+00
1.3905781052207224e+00
1.3790784502446538e+00
1.3841619657562412e+00
1.3850794967180704e+00
1.3873705593806867e+00
1.3863417155304549e+00
1.3986890678431696e+00
1.3917948336114188e+00
1.3890837653613239e+00
1.3889043718124812e+00
1.3852331799201087e+00
1.3904095804264873e+00
1.3822741396988036e+00
1.3900663254696219e+00
1.3884862339891189e+00
1.3897106928089447e+00
1.3844977177493103e+00
1.3865389982510810e+00
1.3853718709143816e+00
1.3829124926498544e+00
1.3871762349886290e+00
1.3904601367875635e+00
1.3870059694755517e+00
1.3894634254024432e+00
1.3867359658178300e+00
1.3811813739773093e+00
1.3863921137713131e+00
1.3903021832132685e+00
1.3839684577098328e+00
1.3933161982695808e+00
1.3907801960353663e+00
1.3935259417993777e+00
1.3981092124525316e+00
1.3859858506296303e+00
1.3895539354299131e+00
1.3885666519471895e+00
1.3923116573716143e+00
1.3963240389241296e+00
1.3903783580189133e+00
1.3906888241296009e+00
1.3859390832261298e+00
1.3919012812856291e+00
1.3875619681430187e+00
1.3909098550335128e+00
1.3901726423861003e+00
1.3924853043419307e+00
1.3901183757891242e+00
1.3841217686142748e+00
1.3814467455681314e+00
1.3804105521591836e+00
1.3858513384102391e+00
1.3912699544600524e+00
1.3833098258505581e+00
1.3828700767926920e+00
1.3775376566114321e+00
1.3867281619978342e+00
1.3787178306662391e+00
1.3722174581167312e+00
1.3754972877680194e+00
1.3819070362259847e+00
1.3880557609732727e+00
1.3768720209293079e+00
1.3892351154160976e+00
1.3815498745745372e+00
1.3764286457955714e+00
1.3860267954430174e+00
1.3818979945229148e+00
1.3860660478561415e+00
1.3825381599024784e+00
1.3899366820576449e+00
1.3823209564722341e+00
1.3922888675974479e+00
1.3910182429980751e+00
1.3836326484535553e+00
1.3837019818499365e+00
1.3856642150528282e+00
1.3841250098025117e+00
1.3881987905548243e+00
1.3865833803950836e+00
1.3803022552678217e+00
1.3861655115849558e+00
1.3909347396049823e+00
1.3828195473589762e+00
1.3834990963051714e+00
1.3900328263261545e+00
1.3928539105884485e+00
1.3919191300257390e+00
1.3803734688279228e+00
1.3869645390894050e+00
1.3870190634858466e+00
1.3879621825629895e+00
1.3904965726598819e+00
1.3890916992264588e+00
1.3834266449760222e+00
1.3894917903908162e+00
1.3828210969815420e+00
1.3891402249206060e+00
1.3904704392914933e+00
1.3893953952286076e+00
1.3891454949301376e+00
1.3984586720115439e+00
1.3971552658602917e+00
1.3795667205925219e+00
1.3907210568738340e+00
1.3961576428760576e+00
1.3981846903118502e+00
1.3880178357351645e+00
1.3885989709203725e+00
1.3926554068303256e+00
1.3908553575569504e+00
1.3849290782091366e+00
1.3822524537729493e+00
1.3921353779012671e+00
1.3855573735267486e+00
1.3872333631551124e+00
1.3835365764288223e+00
1.3857884807353791e+00
1.3864138584742516e+00
1.3835130539409952e+00
1.3974123782661936e+00
1.3942733958249978e+00
1.3919866074147798e+00
1.3910629509291577e+00
1.3914804850309970e+00
1.3887474169853842e+00
1.3926982361371971e+00
1.3898989468016121e+00
1.3826963096907521e+00
1.3896826106802196e+00
1.3925085082194775e+00
1.3791124525021770e+00
1.3915935136693836e+00
1.3874785009287518e+00
1.3902454634526806e+00
1.3941290283577235e+00
1.3851976537635322e+00
1.3915742702391662e+00
1.3889640632175932e+00
1.3840287687540620e+00
1.3929807169701078e+00
1.3957045420980141e+00
1.3941368331085695e+00
1.3967810225271526e+00
1.3926077056007518e+00
1.3915670315428852e+00
1.3895430618112730e+00
1.3883065979635518e+00
1.3911243982824801e+00
1.3823433154775746e+00
1.3864207566834497e+00
1.3906955159959129e+00
1.3817972511859358e+00
1.3911272206979406e+00
1.3843902145322644e+00
1.3900955082391508e+00
1.3896687975170210e+00
1.3896369078180157e+00
1.3816110115440923e+00
1.3913742625303540e+00
1.3937336025266582e+00
1.3839669119940581e+00
1.3905383021233331e+00
1.3864011221683683e+00
1.3905577932375728e+00
1.3909927710495225e+00
1.3915575763084369e+00
1.3891923750923461e+00
1.3844720315173358e+00
1.3863434322762893e+00
1.3915653747206438e+00
1.3946767577162156e+00
1.3852847760281033e+00
1.3808577877637787e+00
1.3915256335807047e+00
1.3918637430756740e+00
1.3877012496913477e+00
1.3886236423533811e+00
1.3883714058783401e+00
1.3932401270987036e+00
1.3916692756784419e+00
1.3958400029443496e+00
1.3894777275848249e+00
1.3859494392776603e+00
1.3845748596484098e+00
1.3891351571214685e+00
1.3887842263134660e+00
1.3861913153321741e+00
1.3928628867390280e+00
1.3835605323361986e+00
1.3910613493291064e+00
1.3949488374110270e+00
1.3787158326740585e+00
1.3899532509437407e+00
1.3947039168231061e+00
1.4040779606808969e+00
1.3932207293802374e+00
1.3962541354380100e+00
1.3834101631645777e+00
1.3824649467801828e+00
1.3861761135567594e+00
1.3907549387923319e+00
1.3908903230178542e+00
1.3840814528305276e+00
1.3855678496269033e+00
1.3899631106949759e+00
1.3889222522500184e+00
1.3899082056604459e+00
1.3899204922106287e+00
1.3811339845236870e+00
1.3846367537245978e+00
1.3838469791047479e+00
1.3821679472047677e+00
1.3815008269237319e+00
1.3883876218134408e+00
1.3902027531244894e+00
1.3890603761134994e+00
1.3864103425052976e+00
1.3885663479267503e+00
1.3889318578829339e+00
1.3857883746195263e+00
1.3964266418130007e+00
1.3795692959307668e+00
1.3848322979674406e+00
1.3858027699627407e+00
1.3880934277595764e+00
1.3968580060473050e+00
1.3883181424930235e+00
1.3878531883439698e+00
1.3900511020499682e+00
1.3891192533097361e+00
1.3964721782370475e+00
1.3892822184077760e+00
1.3925674197609650e+00
1.3904688075709195e+00
1.3868264924076854e+00
1.3913471788329079e+00
1.3909322102689299e+00
1.3933512663545595e+00
1.3892066694158309e+00
1.3915564343560751e+00
1.3819388798983805e+00
1.3900464255467346e+00
1.3892994454879757e+00
1.3891472993993474e+00
1.3922749216487871e+00
1.3872413854549563e+00
1.3833823544640396e+00
1.3859757958767034e+00
1.3868906199022526e+00
1.3881285814683959e+00
1.3858811110055715e+00
1.3855559238013022e+00
1.3828443371891446e+00
1.3918617959800355e+00
1.3927060478622284e+00
1.3933142242155097e+00
1.3883985953264937e+00
1.3815486451528045e+00
1.3853437568510589e+00
1.3805939541412204e+00
1.3807605360399009e+00
1.3807589267608587e+00
1.3884310941282429e+00
1.3845581123106860e+00
1.3857391453067027e+00
1.3825949693608930e+00
1.3903792521528757e+00
1.3858884747992419e+00
1.3890175694381426e+00
1.3924620506075447e+00
1.3908156958304598e+00
1.3887322576321441e+00
1.3936257548215771e+00
1.3910408139568304e+00
1.3881120416257253e+00
1.3909199119902886e+00
1.3789094149238181e+00
1.3898419903017947e+00
1.3889135319543133e+00
1.3882341557735802e+00
1.3874116990356249e+00
1.3907239940902010e+00
1.3845159245652823e+00
1.3867337419849584e+00
1.3881096704978884e+00
1.3873604011723806e+00
1.3900732094073309e+00
1.3927401896822520e+00
1.3910628090127861e+00
1.3888818617854595e+00
1.3997115301309158e+00
1.3869455866825018e+00
1.3842669083204608e+00
1.3824656490804266e+00
1.3860862422604867e+00
1.3948733482746050e+00
1.3881756781465535e+00
1.3872398113478266e+00
1.3818631581607230e+00
1.3799107019253540e+00
1.3821405593285385e+00
1.3806585349044986e+00
1.3812393142223174e+00
1.3787037332618419e+00
1.3826865228546967e+00
1.3884953365304697e+00
1.3881597501570102e+00
1.3875336484085710e+00
1.3882121154845646e+00
1.3958006684295636e+00
1.3866414389722113e+00
1.3878638338767744e+00
1.3866361529474105e+00
1.3951598278427315e+00
1.3884085722745982e+00
1.3889404605915365e+00
1.3822519899860062e+00
1.3757501270472854e+00
1.3927080160534981e+00
1.3817304009396725e+00
1.3884093044353960e+00
1.3880094837981913e+00
1.3852613897668131e+00
1.3945729248447012e+00
1.3859867993584407e+00
1.3805634074828081e+00
1.3927494518549288e+00
1.3862487650740951e+00
1.3853113708479246e+00
1.3898534620645269e+00
1.3920816470951338e+00
1.3864861919008742e+00
1.3924560197832603e+00
1.3956147020266494e+00
1.3892427743152436e+00
1.3849486661622621e+00
1.3798050223290346e+00
1.3847796209650760e+00
1.3892112426323993e+00
1.3933359237140384e+00
1.3850504705055968e+00
1.3898388238683932e+00
1.3832890364523867e+00
1.3899334824949061e+00
1.3916023769200649e+00
1.3922399444550679e+00
1.3878013147233841e+00
1.3914588254430023e+00
1.3924771598632697e+00
1.3934857232481859e+00
1.3900544163554853e+00
1.3886883685769511e+00
1.3935452740557803e+00
1.3886169281290075e+00
1.3878646659122555e+00
1.3864240795369611e+00
1.3886680390856174e+00
1.3819792826710682e+00
1.3862779065365081e+00
1.3870382899913281e+00
1.3807703853539863e+00
1.3911352242020083e+00
1.3829252960813481e+00
1.3893702180355725e+00
1.3848361435825955e+00
1.3803910946325384e+00
1.3892526933155303e+00
1.3811879562538720e+00
1.3823887219267081e+00
1.3885717183703721e+00
1.3807414080795331e+00
1.3834476254011594e+00
1.3948955142384414e+00
1.3867307046313979e+00
1.3912171930892108e+00
1.3865696483732088e+00
1.3948309795296183e+00
1.3846221261944194e+00
1.3903456582257965e+00
1.3896965696057915e+00
1.3905663686627723e+00
1.3974984349464392e+00
1.3878681660614414e+00
1.3879459266032714e+00
1.3848490769090926e+00
1.3864413880619224e+00
1.3808388888039314e+00
1.3788158968190531e+00
1.3823288038550754e+00
1.3853291582474558e+00
1.3798955208851769e+00
1.3876427031179499e+00
1.3851630992816488e+00
1.3878183919203175e+00
1.3873244422012629e+00
1.3850634232558530e+00
1.3856226297300556e+00
1.3790062719490290e+00
1.3876025399870775e+00
1.3860362989943020e+00
1.3829852481474061e+00
1.3847878285059576e+00
1.3799207507199291e+00
1.3869135780050488e+00
1.3858368563172760e+00
1.3863458027395461e+00
1.3857495161092646e+00
1.3832327827262449e+00
1.3931732643800261e+00
1.3868537086858124e+00
1.3961183097917893e+00
1.3962964037014842e+00
1.3871048402155137e+00
1.3872470660024678e+00
1.3834963626770458e+00
1.3851346082248310e+00
1.3871186058662197e+00
1.3849977678591217e+00
1.3860805098101043e+00
1.3877881142917845e+00
1.3947246526183126e+00
1.3856409107640009e+00
1.3778693530934085e+00
1.3945219342856945e+00
1.3876710102248122e+00
1.3729239001247471e+00
1.3827934891819424e+00
1.3862936164658197e+00
1.3884873606383330e+00
1.3834292208734424e+00
1.3845466311907684e+00
1.3856271083708374e+00
1.3874775129109753e+00
1.3873614597427999e+00
1.3894224028772904e+00
1.3918175233704631e+00
1.3859326586324900e+00
1.3904071409685741e+00
1.3891718468711580e+00
1.3884845504583316e+00
1.3917113675695774e+00
1.3904500246323428e+00
1.3853031976954844e+00
1.3837505832075514e+00
1.3941402835498631e+00
1.3865866857534754e+00
1.3890449868419819e+00
1.3838449481490001e+00
1.3884506293968972e+00
1.3877524782296342e+00
1.3885325341294419e+00
1.3892684810923754e+00
1.3892353473494168e+00
1.3914617704140466e+00
1.3902560930059751e+00
1.3944453575584113e+00
1.3845976214753890e+00
1.3869839095351109e+00
1.3952888828628744e+00
1.3902148942373647e+00
1.3861882968232446e+00
1.3852248217455816e+00
1.3850088566432257e+00
1.3864783881826772e+00
1.3767076013205040e+00
1.3899834068546317e+00
1.3879742955954650e+00
1.3919377437614511e+00
1.3961221842870808e+00
1.3916287774369696e+00
1.3968397407776045e+00
1.3899598813324243e+00
1.3878891257735984e+00
1.3895287102600173e+00
1.3913608930448362e+00
1.3879580085359953e+00
1.3906413822284829e+00
1.3918261080500691e+00
1.3925280106205591e+00
1.3850641802354289e+00
1.3861575046867116e+00
1.3873822912075136e+00
1.3880669596565804e+00
1.3975144333108416e+00
1.3825869268502464e+00
1.3855105492608963e+00
1.3860441199059270e+00
1.3955745227770613e+00
1.3794481442646080e+00
1.3913352067982097e+00
1.3881195119374699e+00
1.3928690827094534e+00
1.3862089670850153e+00
1.3874514769129707e+00
1.3866284929858796e+00
1.3855519618485905e+00
1.3880911600688670e+00
1.3939015351742101e+00
1.3934784065890209e+00
1.3866568199157676e+00
1.3903834937635400e+00
1.3882067550202681e+00
1.3844343717525820e+00
1.3885167615322374e+00
1.3840713237496907e+00
1.3863260163064803e+00
1.3779326638337166e+00
1.3959561577218389e+00
1.3892481817008011e+00
1.3910781849237297e+00
1.3894201573759923e+00
1.3912173810716622e+00
1.3936014153761065e+00
1.3849631317552458e+00
1.3837528482369779e+00
1.3878231682820263e+00
1.3894120435916053e+00
1.3855120289076517e+00
1.3862710344512645e+00
1.3853876576903683e+00
1.3827839328021341e+00
1.4035472226559200e+00
1.3898591411605603e+00
1.3902883315217121e+00
1.3880474032748165e+00
1.3827489620572748e+00
1.3947795418301412e+00
1.3918952315025976e+00
1.3886475389643096e+00
1.3897229387940280e+00
1.3857544265527588e+00
1.3854924726418349e+00
1.4022722602629549e+00
1.3855836495594678e+00
1.3821654444588509e+00
1.3863114431050600e+00
1.3851277834114988e+00
1.3840192426090556e+00
1.3879377895583012e+00
1.3887844647335239e+00
1.3871953257583700e+00
1.3819026699281147e+00
1.3844288695798006e+00
1.3899753633647010e+00
1.3883890550614948e+00
1.3855754863916456e+00
1.3840048962001372e+00
1.3904062625032481e+00
1.3865619127772257e+00
1.3904507373445698e+00
1.3917357135212709e+00
1.3810296736170227e+00
1.3873595113188297e+00
1.3844751556339947e+00
1.3871781173728870e+00
1.3952569817086049e+00
1.3901248806785838e+00
1.3818026286045049e+00
1.3840652460713085e+00
1.3907152235552314e+00
1.3865636553554148e+00
1.3934805428985602e+00
1.3922018383398818e+00
1.3883882566432764e+00
1.3846899755365387e+00
1.3894019244091238e+00
1.3895985040023489e+00
1.3880627492688580e+00
1.3921171142679747e+00
1.3880803673977364e+00
1.3899473443444761e+00
1.3952334931885380e+00
1.3823808813535174e+00
1.3868091031658054e+00
1.3901974394110050e+00
1.3979596925187618e+00
1.3887641704347971e+00
1.3864987106142104e+00
1.3922319315276404e+00
1.3841203392600596e+00
1.3934362459878173e+00
1.3894083371560422e+00
1.3926299860633946e+00
1.3908477812684747e+00
1.3867479246029593e+00
1.3894238589878778e+00
1.3932955222483681e+00
1.3873521755922755e+00
1.3886335285908007e+00
1.3896810634358800e+00
1.3854674948660799e+00
1.3858713849661679e+00
1.4024229282903840e+00
1.3904158586555386e+00
1.3875808669944398e+00
1.3869132524625887e+00
1.3839783763777251e+00
1.3890767666083306e+00
1.3947832325921903e+00
1.3916315432100976e+00
1.3883143205938573e+00
1.3900622366716808e+00
1.3852728520181596e+00
1.3950596842584595e+00
1.3882098812469532e+00
1.3846750654675695e+00
1.3870963446575306e+00
1.3861362962837740e+00
1.3846728533694688e+00
1.3890454971262922e+00
1.3917127857894858e+00
1.3874036732874868e+00
1.3853524700330959e+00
1.3855583225886126e+00
1.3866794481368834e+00
1.3939786097477971e+00
1.3961253816909756e+00
1.3886288462545977e+00
1.3984064176696318e+00
1.3911410731800167e+00
1.3889925906083349e+00
1.3879612543577438e+00
1.3917716308447989e+00
1.3981601208820222e+00
1.3821246331455546e+00
1.3904451347805662e+00
1.3877509229482585e+00
1.3890549559827574e+00
1.3913317058630035e+00
1.3901543946754067e+00
1.3862232768138387e+00
1.3898733937740353e+00
1.3849078952097578e+00
1.3850318256331680e+00
1.3844103973720829e+00
1.3952590920758052e+00
1.3894303249889457e+00
1.3793091010253917e+00
1.3933436989204795e+00
1.3884048728657099e+00
1.3852290776671612e+00
1.3917842840964110e+00
1.3817514051766089e+00
1.3920210237664212e+00
1.3861620402064958e+00
1.3908808465561595e+00
1.3924042571936390e+00
1.3921340763771488e+00
1.3939886819902807e+00
1.3923507902879468e+00
1.3924557030017322e+00
1.3929549189596233e+00
1.3871578976066912e+00
1.3887110161268836e+00
1.3798940567512004e+00
1.3879879984298515e+00
1.3872668557069152e+00
1.3891388142899785e+00
1.3905601056263930e+00
1.3912315697002640e+00
1.3896110593024336e+00
1.3851790678402953e+00
1.3920949679707550e+00
1.3824871270853916e+00
1.3811545936455634e+00
1.3909559883879776e+00
1.3800909588096328e+00
1.3904103629382494e+00
1.3911208749764645e+00
1.3899223589418186e+00
1.3891438607729245e+00
1.3816420394788451e+00
1.3885992917215766e+00
1.3861302134395104e+00
1.3862867005397241e+00
1.3905869093655399e+00
1.3866134585194734e+00
1.3861569650980945e+00
1.3835372630498111e+00
1.3908115325993997e+00
1.3876183321567035e+00
1.3862648801661723e+00
1.3932916712895793e+00
1.3800265673636438e+00
1.3848826059339727e+00
1.3830000923231813e+00
1.3873639921336149e+00
1.3895659130383944e+00
1.3900337717059579e+00
1.3870521411880492e+00
1.3912663339421132e+00
1.3882771555446898e+00
1.3879653409224233e+00
1.3817530676303502e+00
1.3945813835488956e+00
1.3889627963506921e+00
1.3854241893115116e+00
1.3819955226788185e+00
1.3891417382498064e+00
1.3964273715829965e+00
1.3901822960489796e+00
1.3966422806470355e+00
1.3888190924739334e+00
1.3942248846873617e+00
1.3887526489738156e+00
1.3956856636210713e+00
1.3910910687959763e+00
1.3879994640722193e+00
1.3844501191599203e+00
1.3883966984287905e+00
1.3944449563831893e+00
1.3952831079577568e+00
1.3903608566268464e+00
1.3913778844194038e+00
1.3852870522421867e+00
1.3855825217602800e+00
1.3879765367002417e+00
1.3915991311074372e+00
1.3937908546059801e+00
1.3937865661466180e+00
1.3849843118975727e+00
1.3939233377984745e+00
1.3876566357870279e+00
1.3838556513258178e+00
1.3890712179154001e+00
1.3859529154563799e+00
1.3930079040542216e+00
1.3906923026882234e+00
1.3908413954341075e+00
1.3910806611188040e+00
1.3887454598497835e+00
1.3925227262687814e+00
1.3951475060491554e+00
1.3862972989515088e+00
1.3915473826244293e+00
1.3887299803636661e+00
1.3891822156720384e+00
1.3924385187286596e+00
1.3822212149925963e+00
1.3884890227004512e+00
1.3919546546598172e+00
1.3906014578829549e+00
1.3925723498239908e+00
1.3803319940460383e+00
1.3888142735788322e+00
1.3900176487947682e+00
1.3856995847545306e+00
1.3898889066343816e+00
1.3867115850300191e+00
1.3980321617944966e+00
1.3880694310826078e+00
1.3900423782675935e+00
1.3851369340711113e+00
1.3866244416455817e+00
1.3807281034910623e+00
1.3806038602263391e+00
1.3878882458627455e+00
1.3919782314265137e+00
1.3913674352943470e+00
1.3935888318048455e+00
1.3906941945565012e+00
1.3930136669874811e+00
1.3878504972487604e+00
1.3947426035141304e+00
1.3873883437673038e+00
1.3819981961571868e+00
1.3888760377161546e+00
1.3902310367297934e+00
1.3865484973607416e+00
1.3781932280798361e+00
1.3871135834001074e+00
1.3907285808295853e+00
1.3895159419314105e+00
1.3891978498980972e+00
1.3870439256631959e+00
1.3939039292608406e+00
1.3928453891720867e+00
1.3950341924419398e+00
1.3877587993962590e+00
1.3877615679547504e+00
1.3830706240750850e+00
1.3882314754352534e+00
1.3891508205439564e+00
1.3947098886314002e+00
1.3852824622570115e+00
1.3874951981777726e+00
1.3961442087624381e+00
1.3908927834537470e+00
1.3848148758639018e+00
1.3870017954825196e+00
1.3811488808596799e+00
1.3864882697511944e+00
1.3893454862560806e+00
1.3874918461173209e+00
1.3871338339313910e+00
1.3838139970063856e+00
1.3818307625973631e+00
1.3835330601014864e+00
1.3843378343412276e+00
1.3887790065221803e+00
1.3899056442331801e+00
1.3859914150082233e+00
1.3873632221826775e+00
1.3936497479899632e+00
1.3976270824438515e+00
1.3835961942964403e+00
1.3873130374859759e+00
1.3898766108836351e+00
1.3901882288291418e+00
1.3859986034059435e+00
1.3862484866228810e+00
1.3838616872854788e+00
1.3801150333484227e+00
1.3922677576306428e+00
1.3928604347791478e+00
1.3907427625688153e+00
1.3938493890293759e+00
1.3933326666918380e+00
1.3915586450224773e+00
1.3931880647192536e+00
1.3937665598257016e+00
1.3895733524602381e+00
1.3804816633011330e+00
1.3955739991649960e+00
1.3947548003056873e+00
1.3894954172403338e+00
1.3872983201180784e+00
1.3880670125458157e+00
1.3838446752348770e+00
1.3937350768354004e+00
1.3871343125819833e+00
1.3814538358473964e+00
1.3953943517450600e+00
1.3744831174729544e+00
1.3883066391189489e+00
1.3982760504515219e+00
1.3871719042043920e+00
1.3927286506659609e+00
1.3861203174393513e+00
1.3916716372001023e+00
1.3892191501808411e+00
1.3907615653216132e+00
1.3876842262931361e+00
1.3908728610143630e+00
1.3891124313607641e+00
1.3841171659194140e+00
1.3832954783754214e+00
1.3892113331782172e+00
1.3913190468615382e+00
1.3843134305324936e+00
1.3804952102007899e+00
1.3841092855277175e+00
1.3827657809292366e+00
1.3937828299746684e+00
1.3874320909985478e+00
1.3857252812947352e+00
1.3781185596097496e+00
1.3884872019601808e+00
1.3804229494064462e+00
1.3861072867553383e+00
1.3896819013835282e+00
1.3866934563253821e+00
1.3831839074077663e+00
1.3925292221342087e+00
1.3869772373405203e+00
1.3812305336077655e+00
1.3940424072733857e+00
1.3866945953255321e+00
1.3857174279495894e+00
1.3853774476635425e+00
1.3923951779580326e+00
1.3887954692666800e+00
1.3873684631049290e+00
1.3922983738693091e+00
1.3896565714412468e+00
1.3894635221125444e+00
1.3910201228707477e+00
1.3824181861825098e+00
1.3875961901230489e+00
1.3805719500508806e+00
1.3834053426004413e+00
1.3868084149219149e+00
1.3818487177266985e+00
1.3874065151922343e+00
1.3849139484568616e+00
1.3894189764145743e+00
1.3942607195918590e+00
1.3905547809306142e+00
1.3885580762796377e+00
1.3954290371676337e+00
1.3849938639636330e+00
1.3811886045180131e+00
1.3915048573598991e+00
1.3918480914744731e+00
1.3950696863973533e+00
1.3910436084696611e+00
1.3948750262077343e+00
1.3828212964432129e+00
1.3917661046008589e+00
1.3855048157657983e+00
1.3897725841062110e+00
1.3937114180893653e+00
1.3954506843592549e+00
1.3927725478473503e+00
1.3884088714071410e+00
1.3963664678764605e+00
1.3881667488482918e+00
1.3900142620561871e+00
1.3832738858756395e+00
1.3904808393579693e+00
1.3797044990017866e+00
1.3903034260266001e+00
1.3888769894502264e+00
1.3937136466754023e+00
1.3877711703497553e+00
1.3929700642215188e+00
1.3924826619421620e+00
1.3961573961479301e+00
1.3950985691654434e+00
1.3921467534054319e+00
1.3963124388355930e+00
1.3870678001399066e+00
1.3917065799983372e+00
1.3914258919619611e+00
1.3956628925758130e+00
1.3995751655859336e+00
1.3836175744466350e+00
1.3913449244508442e+00
1.3913165192879979e+00
1.3882861472514076e+00
1.3920334677688582e+00
1.3880625500883668e+00
1.3870374175837341e+00
1.3936790600105322e+00
1.3841301199636487e+00
1.3809766329037056e+00
1.3903459408372021e+00
1.3921637776871585e+00
1.3907216025688405e+00
1.3898060479078758e+00
1.3926973392871129e+00
1.3878743665313706e+00
1.3858535785528179e+00
1.3880077346669111e+00
1.3868018795491872e+00
1.3877198978622711e+00
1.3902154416123687e+00
1.3937300256382414e+00
1.3955837050843687e+00
1.3846337611416175e+00
1.3827658038136388e+00
1.3868373969049230e+00
1.3927965562596072e+00
1.3934995157760628e+00
1.3881017727098943e+00
1.3968965173986918e+00
1.3830884565422938e+00
1.3841001896822698e+00
1.3850792667860938e+00
1.3848164330609325e+00
1.3885221675018740e+00
1.3814863124579417e+00
1.3925101955061490e+00
1.3896425497928171e+00
1.3866618353418192e+00
1.3870140361233227e+00
1.3928103815675801e+00
1.3904544891681665e+00
1.3896548425180459e+00
1.3886787057749739e+00
1.3899480917553759e+00
1.3847885867188090e+00
1.3910832544017300e+00
1.3928054944432677e+00
1.3909912207490673e+00
1.3887508798951735e+00
1.3912462977978122e+00
1.3820830795245673e+00
1.3883912818978328e+00
1.3825280690298420e+00
1.3883950666086051e+00
1.3909445759069168e+00
1.3929227360745964e+00
1.3949502786493619e+00
1.3902792424703441e+00
1.3921243628729225e+00
1.3886672162692324e+00
1.3905757700380939e+00
1.3897646731402780e+00
1.3865529635778884e+00
1.3923403160225807e+00
1.3855138373941325e+00
1.3903786421897377e+00
1.3896949823495934e+00
1.3805685500023843e+00
1.3866546798728265e+00
1.3857960982852768e+00
1.3894289897117851e+00
1.3881758527646550e+00
1.3903972246717535e+00
1.3946425520962904e+00
1.3892291803071390e+00
1.3906235129981503e+00
1.3923288507314975e+00
1.3911849599591504e+00
1.3840959081287278e+00
1.3864860312626128e+00
1.3918557454151068e+00
1.3914131207843876e+00
1.3897695683875071e+00
1.3823634126735047e+00
1.3913908911678525e+00
1.3846026279267953e+00
1.3858262831652961e+00
1.3849285776165308e+00
1.3927376828199147e+00
1.3909388758052372e+00
1.3878879634967654e+00
1.3869739816395334e+00
1.3889571386695971e+00
1.3888473270144381e+00
1.3880942147145505e+00
1.3872873571645508e+00
1.3890832701444662e+00
1.3944121415316069e+00
1.3922979409541678e+00
1.3901557416947872e+00
1.3904086140201841e+00
1.3852207161067021e+00
1.3858722140289192e+00
1.3887527058399627e+00
1.3878510106728594e+00
1.3861046895831590e+00
1.3912314770318825e+00
1.3815648408617645e+00
1.3863192922574061e+00
1.3920590286493029e+00
1.3933508223553046e+00
1.3867453927635143e+00
1.3882319696375873e+00
1.3867960875269680e+00
1.3944873410811205e+00
1.3908458728781916e+00
1.3964588621570577e+00
1.3910447717065868e+00
1.3809312195264869e+00
1.3937700185157647e+00
1.3877943370922783e+00
1.3935657056727504e+00
1.3885630998837930e+00
1.3832859316755457e+00
1.3950345498449128e+00
1.3908847546342098e+00
1.3862191365479166e+00
1.3834284778061134e+00
1.3841339896420530e+00
1.3818580893971724e+00
1.3827605842116404e+00
1.3835650423449952e+00
1.3914779925242449e+00
1.3874115009409114e+00
1.3826824938881697e+00
1.3886952660714063e+00
1.3878150727848217e+00
1.3916294661587141e+00
1.3893025491733757e+00
1.3927744269490436e+00
1.3935147879075738e+00
1.3881420742640291e+00
1.3867502288702236e+00
1.3810242712575969e+00
1.3872020732732206e+00
1.3932953739159037e+00
1.3880547597720436e+00
1.3845771398323083e+00
1.3888174332984358e+00
1.3910367474178731e+00
1.3912235775411890e+00
1.3854467943339410e+00
1.3883526828317529e+00
1.3885801436319873e+00
1.3829074293495562e+00
1.3797874568132726e+00
1.3800551574504043e+00
1.3878214503937840e+00
1.3776055945888965e+00
1.3739798505330196e+00
1.3811627652417375e+00
1.3876666376058571e+00
1.3805227024641358e+00
1.3823716675985651e+00
1.3839190328445283e+00
1.3847989707093531e+00
1.3819399204942353e+00
1.3746990460214075e+00
1.3773492960081857e+00
1.3871494135414917e+00
1.3794722739678196e+00
1.3773470611873881e+00
1.3866660829465800e+00
1.3930856590388154e+00
1.3925422193041637e+00
1.3873647155130504e+00
1.3777053333978084e+00
1.3790454034263329e+00
1.3834355851734521e+00
1.3854332661037609e+00
1.3930461777023269e+00
1.3933466812480042e+00
1.3873960702980674e+00
1.3914699141735671e+00
1.3914698683718350e+00
1.3893247980283612e+00
1.3816291192573427e+00
1.3812885504921131e+00
1.3835798325831548e+00
1.3864773146209437e+00
1.3826371332891743e+00
1.3827785954195262e+00
1.3778994629636958e+00
1.3874743936042426e+00
1.3836437263308472e+00
1.3788036870273388e+00
1.3833639754995144e+00
1.3799110834151602e+00
1.3872868743134799e+00
1.3777767163494972e+00
1.3843175689966714e+00
1.3800721203454041e+00
1.3890986136542329e+00
1.3819246215129786e+00
1.3895871784512277e+00
1.3833136851450030e+00
1.3865574644741496e+00
1.3837863570782212e+00
1.3802723537146615e+00
1.3804920969096806e+00
1.3824179634466489e+00
1.3898651588627373e+00
1.3909258278042296e+00
1.3869504340225021e+00
1.3856204281924220e+00
1.3885321281801282e+00
1.3941556107545614e+00
1.3895545294353908e+00
1.3819730013089611e+00
1.3861030667028935e+00
1.3866547627658772e+00
1.3780081619649345e+00
1.3839236051621915e+00
1.3805052448807116e+00
1.3894544337951515e+00
1.3885856944101700e+00
1.3893869778231058e+00
1.3852769806250695e+00
1.3899048183654179e+00
1.3841079450203395e+00
1.3831512120245870e+00
1.3977768845679037e+00
1.3915619456310433e+00
1.3873931604931287e+00
1.3871839887763493e+00
1.3928865653512714e+00
1.3890895949958562e+00
1.3900540531330774e+00
1.3873513705213469e+00
1.3923001380206348e+00
1.3824410350393641e+00
1.3902678028637114e+00
1.3908731012234885e+00
1.3932180255542914e+00
1.3952951401888916e+00
1.3829904831542130e+00
1.3898193756551029e+00
1.3858042325088540e+00
1.3835900655192408e+00
1.3869446737004480e+00
1.3908655976905582e+00
1.3879964927255992e+00
1.3901307956901763e+00
1.3885093881923745e+00
1.3789060239365500e+00
1.3870632409073138e+00
1.3867816398657737e+00
1.3894799162690574e+00
1.3872582244907754e+00
1.3830083832840987e+00
1.3913047108966685e+00
1.3884742646970274e+00
1.3880169466924588e+00
1.3865210419943643e+00
1.3866083529841413e+00
1.3913712260699542e+00
1.3871090520120519e+00
1.3893230877981448e+00
1.3900065152889436e+00
1.3853271479721123e+00
1.3836914403680109e+00
1.3833178101834067e+00
1.3890050325806709e+00
1.3891736726047383e+00
1.3848923445186989e+00
1.3921191477306858e+00
1.3887236697408338e+00
1.3801871510801451e+00
1.3850371456332062e+00
1.3841588499816480e+00
1.3875025895936008e+00
1.3937514913260738e+00
1.3883549656111558e+00
1.3883107523965474e+00
1.3859088648640390e+00
1.3797951456212598e+00
1.3919590457977138e+00
1.3956931473494822e+00
1.3871266549720283e+00
1.3823566735508486e+00
1.3826098893243948e+00
1.3954973563369348e+00
1.3827217649667241e+00
1.3845764635143409e+00
1.3862709111574432e+00
1.3827528864746430e+00
1.3879939980139160e+00
1.3840409064411829e+00
1.3950568273451189e+00
1.3893500706235153e+00
1.3886619481282789e+00
1.3800530381436831e+00
1.3893867323529969e+00
1.3940436786442512e+00
1.3864150153535892e+00
1.3891658761128980e+00
1.3927844190714282e+00
1.3877545029783811e+00
1.3813651015941508e+00
1.3812029537539203e+00
1.3870080444289172e+00
1.3834925666554714e+00
1.3873378414368720e+00
1.3911596320818436e+00
1.3887301064492121e+00
1.3924165623458187e+00
1.3853450912461780e+00
1.3945854789943646e+00
1.3877704048730031e+00
1.3848099040184285e+00
1.3906039121689535e+00
1.3904955237858967e+00
1.3851824148100078e+00
1.3896163798584542e+00
1.3884967833708302e+00
1.3939680290446457e+00
1.3984042075114012e+00
1.3910209808806606e+00
1.3820946420794222e+00
1.3868558326660418e+00
1.3911119360101962e+00
1.3901373929391856e+00
1.3873073426918419e+00
1.3890516923640017e+00
1.3917748582072518e+00
1.3944087155905336e+00
1.3813778748498404e+00
1.3853678778889353e+00
1.3937882854161596e+00
1.3923924150226128e+00
1.3882515290786526e+00
1.3940156574052480e+00
1.3848297992150098e+00
1.3886942043969064e+00
1.3915912518149902e+00
1.3920033756469332e+00
1.3833924938835462e+00
1.3904006749606717e+00
1.3877161819509840e+00
1.3802458871594900e+00
1.3862305859032944e+00
1.3885405263550119e+00
1.3866365840166199e+00
1.3861635572397744e+00
1.3879106121024820e+00
1.3854927438288718e+00
1.3882643809743114e+00
1.3914434203633139e+00
1.3906287685382825e+00
1.3765483464051596e+00
1.3922531370058777e+00
1.3919313497095602e+00
1.3901758791847196e+00
1.3867476022639320e+00
1.3831782972233331e+00
1.3843310355100520e+00
1.3909704013991162e+00
1.3941391344753544e+00
1.3892615043608931e+00
1.3827947822363671e+00
1.3897994503925588e+00
1.3951460850704980e+00
1.3818854715145046e+00
1.3959474226727313e+00
1.3915947651702723e+00
1.3868068996947969e+00
1.3837395068345242e+00
1.3854126499718198e+00
1.3869735539122552e+00
1.3811731240624807e+00
1.3853291459288577e+00
1.3927017552943901e+00
1.3964892734149903e+00
1.3886546576349232e+00
1.3915907375435506e+00
1.3908379689661980e+00
1.3856130338778243e+00
1.3877286403740872e+00
1.3931303744153360e+00
1.3871702711761531e+00
1.3893870495758420e+00
1.3974106571839184e+00
1.3917482070586071e+00
1.3949990623370929e+00
1.3902507443307581e+00
1.3788408189334487e+00
1.3870498418159807e+00
1.3917739673818661e+00
1.3857152938462445e+00
1.3904725745013886e+00
1.3849983128112120e+00
1.3829588058815201e+00
1.3853952972025851e+00
1.3877660408596550e+00
1.3953236266050546e+00
1.3864637805446789e+00
1.3860838942535294e+00
1.3957865877593127e+00
1.3918402866451469e+00
1.3839313327099159e+00
1.3797760282957547e+00
1.3918866716965883e+00
1.3944542440828227e+00
1.3971229364387614e+00
1.3947239585811921e+00
1.3915120071609202e+00
1.3960673117487064e+00
1.3819680057980606e+00
1.3875091112904263e+00
1.3913416603058266e+00
1.3920336933596189e+00
1.3846938073471227e+00
1.3860609240356052e+00
1.3916161138952825e+00
1.3929223141156608e+00
1.3864086260958064e+00
1.3839305179772114e+00
1.3846047466276437e+00
1.3888282097501772e+00
1.3888141033756722e+00
1.3953128190280399e+00
1.3829372553395052e+00
1.3951185723813602e+00
1.3863404906145451e+00
1.3862627774486380e+00
1.3914043703266954e+00
1.3894242470434364e+00
1.3855153031145335e+00
1.3924387932474360e+00
1.3904073345326349e+00
1.3942526817024017e+00
1.3898003412435933e+00
1.3918919028724215e+00
1.3861384868907869e+00
1.3922268922038226e+00
1.3806939647971761e+00
1.3782338618524992e+00
1.3856043029826586e+00
1.3913821080063997e+00
1.3925038901553997e+00
1.3949545012703233e+00
1.3907435642635242e+00
1.3866894248148329e+00
1.3897377743735220e+00
1.3862531981724209e+00
1.3886904206067194e+00
1.3876640020580473e+00
1.3810977203525798e+00
1.3872565799204277e+00
1.3959232867700628e+00
1.4017648521674440e+00
1.3869573864878382e+00
1.3898704778392641e+00
1.3990981979767809e+00
1.3850568825038401e+00
1.3897919399741292e+00
1.3877571834866742e+00
1.3963190025903593e+00
1.3854662330232543e+00
1.3939898599734188e+00
1.3894755053360368e+00
1.3875456223749520e+00
1.3903371134829667e+00
1.3888461207401024e+00
1.3859054949200711e+00
1.3863828937245142e+00
1.3910875865899801e+00
1.3874130220052407e+00
1.3933663556991647e+00
1.3874900875948144e+00
1.3913272726055883e+00
1.3941888416443540e+00
1.3858679578938740e+00
1.3895142319753131e+00
1.3822643358907480e+00
1.3900072996696149e+00
1.3898408948482306e+00
1.3914383459613520e+00
1.3908556084430677e+00
1.3823490232386779e+00
1.3855820105200334e+00
1.3853461241453811e+00
1.3882011781637782e+00
1.3938680732582702e+00
1.3925859770790268e+00
1.3952345903483074e+00
1.3896996253678964e+00
1.3897729208041181e+00
1.3923848274285717e+00
1.3863493674242537e+00
1.3846516265394209e+00
1.3895974417955070e+00
1.3885457583292642e+00
1.3942671800280404e+00
1.3855463096538758e+00
1.3908766695038317e+00
1.3868930113991338e+00
1.3866681991388246e+00
1.3875117063273337e+00
1.3840356260522153e+00
1.3811586589105016e+00
1.3820102030165258e+00
1.3910214608420233e+00
1.3896726893444111e+00
1.3922074234476891e+00
1.3986953377318272e+00
1.3902608635128653e+00
1.3938356858290837e+00
1.3894335709912022e+00
1.3925463754386449e+00
1.3907775609772279e+00
1.3881929972497566e+00
1.3948031503228844e+00
1.3889956263486376e+00
1.3890050914029841e+00
1.3894617288981437e+00
1.3847155323419307e+00
1.3881674075303254e+00
1.3839642577280669e+00
1.3895560587360916e+00
1.4004248042561243e+00
1.3889800302205011e+00
1.3957458642090197e+00
1.3893841554356579e+00
1.3889688055324296e+00
1.3927747989497121e+00
1.3823992311270026e+00
1.3899710808239361e+00
1.3884407176839633e+00
1.3921602620069595e+00
1.3905300561465384e+00
1.3840024794776780e+00
1.3827074137794002e+00
1.3813639859187488e+00
1.3878623472544083e+00
1.3858615479837066e+00
1.3951054545589630e+00
1.3830089026158570e+00
1.3889292687968311e+00
1.3926817502520372e+00
1.3918148141644082e+00
1.3941396317654213e+00
1.3954925721214257e+00
1.3915521340042913e+00
1.3844991667174655e+00
1.3884948712782885e+00
1.3858862342183151e+00
1.3901019946684776e+00
1.3934232833997597e+00
1.3947843461073370e+00
1.3891526325524897e+00
1.3901733372722767e+00
1.3907224706303183e+00
1.3951621056477148e+00
1.3952612633969401e+00
1.3836833077131683e+00
1.3823086862926857e+00
1.3872391812048814e+00
1.3883919309475876e+00
1.3841692487323598e+00
1.3824166998591558e+00
1.3893457476419517e+00
1.3925632878805851e+00
1.3917176252333292e+00
1.3893190113242750e+00
1.3877696073610342e+00
1.3927852898990511e+00
1.3955010721048715e+00
1.3808962845180772e+00
1.3852775483535484e+00
1.3948066532726984e+00
1.3865452861452257e+00
1.3896383317268433e+00
1.3910927875411583e+00
1.3875069190776230e+00
1.3918564118221279e+00
1.3808885989244513e+00
1.3916610138841470e+00
1.3908058916280244e+00
1.3838235780104460e+00
1.3859459368916658e+00
1.3925971238739707e+00
1.3937253965887308e+00
1.3913759036175033e+00
1.3901027067944838e+00
1.3905320875409330e+00
1.3917212460361643e+00
1.3873044035503188e+00
1.3888985378011134e+00
1.3934010400516073e+00
1.3843794697296989e+00
1.3922285575160220e+00
1.3957586488447316e+00
1.3907092571963340e+00
1.3933903210251863e+00
1.3968715990642793e+00
1.3912522199909418e+00
1.3870997083883096e+00
1.3858554663408107e+00
1.3856817560391408e+00
1.3863230119141801e+00
1.3912264032978019e+00
1.3822420286434272e+00
1.3828129481906826e+00
1.3921872046612584e+00
1.3779019508237749e+00
1.3837072879391750e+00
1.3822449390531097e+00
1.3837827446052664e+00
1.3837374674025213e+00
1.3901087554658342e+00
1.3868976778129525e+00
1.3877642639511081e+00
1.3775178711471507e+00
1.3781762762328651e+00
1.3860930955796189e+00
1.3828216957890500e+00
1.3825530491571323e+00
1.3835644217438405e+00
1.3842294074433779e+00
1.3836547640639825e+00
1.3825032075188819e+00
1.3782475219516381e+00
1.3827513485667069e+00
1.3874410538856374e+00
1.3864156985005509e+00
1.3812439637326708e+00
1.3823895684825696e+00
1.3843456651758379e+00
1.3840664917224714e+00
1.3787355395483487e+00
1.3817850955537001e+00
1.3826689620609809e+00
1.3734920045379493e+00
1.3739168809836049e+00
1.3892463847078884e+00
1.3833406812512627e+00
1.3806121926855937e+00
1.3879613249693872e+00
1.3827682174262257e+00
1.3844784074994063e+00
1.3873207561679066e+00
1.3835617870415211e+00
1.3904748478540512e+00
1.3922779689314033e+00
1.3888353412659358e+00
1.3875038960158692e+00
1.3840697212632886e+00
1.3853280820537031e+00
1.3905497907034998e+00
1.3794523453788365e+00
1.3830413778537913e+00
1.3828553149452301e+00
1.3918932136432247e+00
1.3927528059080085e+00
1.3871173612355634e+00
1.3862789587661719e+00
1.3909210014556475e+00
1.3846290722571564e+00
1.3904455558651625e+00
1.3809724685895199e+00
1.3902816195620711e+00
1.3923871056341242e+00
1.3930516342258148e+00
1.3822819296189068e+00
1.3918068710140232e+00
1.3835340570762440e+00
1.3974240213049669e+00
1.3990716820437725e+00
1.3881820868596504e+00
1.3856575349608582e+00
1.3879707242046921e+00
1.3864224866240447e+00
1.3925599805319990e+00
1.3844259293371408e+00
1.3922869711614927e+00
1.3865308875799098e+00
1.3907516689530033e+00
1.3874113191814061e+00
1.3945855750087564e+00
1.3900127821687833e+00
1.3830775648932601e+00
1.3900334406292643e+00
1.3835907491405652e+00
1.3849094417603647e+00
1.3913199090703128e+00
1.3859776325371875e+00
1.3854722738799807e+00
1.3911958849509414e+00
1.3972107143031829e+00
1.3863994351791173e+00
1.3875766595083803e+00
1.3928730021267104e+00
1.3838609451317889e+00
1.3935351823210436e+00
1.3808102052505760e+00
1.3937647343523614e+00
1.3934906802585079e+00
1.3889656949787099e+00
1.3886973631443762e+00
1.3899122487527216e+00
1.3858848735330589e+00
1.3844974972578921e+00
1.3891981307138346e+00
1.3929689246644734e+00
1.3870482084779685e+00
1.3907633318016288e+00
1.3905145478406287e+00
1.3859747108014335e+00
1.3883933034902336e+00
1.3853713268228274e+00
1.3906773959144487e+00
1.3855844033930651e+00
1.3913584663457668e+00
1.3815117880609928e+00
1.3834556240575262e+00
1.3901698527327941e+00
1.3854913767010750e+00
1.3891657984478198e+00
1.3882092605959360e+00
1.3913245339455047e+00
1.3902363010207412e+00
1.3909512715605084e+00
1.3884652473872201e+00
1.3941670802302186e+00
1.3927321589788850e+00
1.3828733248597136e+00
1.3865602078952595e+00
1.3938528372809182e+00
1.3942281663634892e+00
1.3918639423144807e+00
1.3847698549440839e+00
1.3837442271677702e+00
1.3871905239662281e+00
1.3950041927324357e+00
1.3862294607549135e+00
1.3855770532984886e+00
1.3894164332328491e+00
1.3938781357774996e+00
1.3947345677225460e+00
1.3858060066322189e+00
1.3878573663738329e+00
1.3900313130043846e+00
1.3870482710402043e+00
1.3843268224862253e+00
1.3834271117582830e+00
1.3864088623745776e+00
1.3808530984303005e+00
1.3920756341296447e+00
1.3878611958407860e+00
1.3915659291160836e+00
1.3887469163815851e+00
1.3876335750547881e+00
1.3902990671702480e+00
1.3806743655583205e+00
1.3898187076621287e+00
1.3881709721506150e+00
1.3932189708966785e+00
1.3937868271943887e+00
1.3867731054543242e+00
1.3904427493928733e+00
1.3831542681411848e+00
1.3876868079818101e+00
1.3879097117182131e+00
1.3938674475966686e+00
1.3838657096029809e+00
1.3936089341763005e+00
1.3868853662945184e+00
1.3904376271220011e+00
1.3825477430729736e+00
1.3876395064212474e+00
1.3940952993315285e+00
1.3845456870324100e+00
1.3798630058858474e+00
1.3900230007915091e+00
1.3895043896143540e+00
1.3926036511770874e+00
1.3860118991008916e+00
1.3935899865384371e+00
1.3889031447775357e+00
1.3944195058048592e+00
1.3975902775342457e+00
1.3903995715626927e+00
1.3889015716128863e+00
1.3924653074702256e+00
1.3880991088646855e+00
1.3836715176445764e+00
1.3774247319911721e+00
1.3863286943793813e+00
1.3898459483793120e+00
1.3821180483261015e+00
1.3861223804945151e+00
1.3943025643423514e+00
1.3919999274721226e+00
1.3891437238652615e+00
1.3850428411434870e+00
1.3824919444289023e+00
1.3824684751308254e+00
1.3878088178578292e+00
1.3864243742904361e+00
1.3809847135410396e+00
1.3897612098448786e+00
1.3839197767300384e+00
1.3956784158231281e+00
1.3837308333166047e+00
1.3856878195024311e+00
1.3920563183499894e+00
1.3832884085772701e+00
1.3809126570455981e+00
1.3875187942675187e+00
1.3906905492039570e+00
1.3890867645089093e+00
1.3939289635784256e+00
1.3842358487726070e+00
1.3868224667952405e+00
1.3884662042162337e+00
1.3948344708275950e+00
1.3934026204918466e+00
1.3807681606012621e+00
1.3859378422387170e+00
1.3877772200648326e+00
1.3844999352788199e+00
1.3908910773768735e+00
1.3876288272848720e+00
1.3868897327271481e+00
1.3819713430423326e+00
1.3911911744831842e+00
1.3913499933629652e+00
1.3911849329001551e+00
1.3883413015684523e+00
1.3879180701415468e+00
1.3885497475061683e+00
1.3920650490029407e+00
1.3858105742077271e+00
1.3877726674850985e+00
1.3837961077045542e+00
1.3919758321177575e+00
1.3880306077808153e+00
1.3892215609215404e+00
1.3875424981191233e+00
1.3885082492798713e+00
1.3879117729551342e+00
1.3818971138723040e+00
1.3914818860066287e+00
1.3886951863818098e+00
1.3919827856163527e+00
1.3978067296930201e+00
1.3921049313601035e+00
1.3895122823939989e+00
1.3870724003620765e+00
1.3930101235805099e+00
1.3950322031659586e+00
1.3889417974196014e+00
1.3899478579166200e+00
1.3867076020696343e+00
1.3896828118303164e+00
1.3913739557681180e+00
1.3946418419448567e+00
1.3951864742691686e+00
1.3866468603908941e+00
1.3880637989754396e+00
1.3898956688198656e+00
1.3883294657962200e+00
1.3923012770504297e+00
1.3788914462168644e+00
1.3883892176858919e+00
1.3831784969161385e+00
1.3833907250715811e+00
1.3813444304683251e+00
1.3787268027420225e+00
1.3845423440574673e+00
1.3786809605770216e+00
1.3814372154360688e+00
1.3863518428931425e+00
1.3892667165552659e+00
1.3791704985587108e+00
1.3839883155024288e+00
1.3873022489072075e+00
1.3845445827039491e+00
1.3777007210504761e+00
1.3961121451884335e+00
1.3910440022044221e+00
1.3896477485343139e+00
1.3858404787984018e+00
1.3889690887706259e+00
1.3854641126751657e+00
1.3887226660293230e+00
1.3902634739722124e+00
1.3922926876137021e+00
1.3832968107382229e+00
1.3879703815561442e+00
1.3886765180703560e+00
1.3900343954526981e+00
1.3907698097020769e+00
1.3898136520741342e+00
1.3938219323277015e+00
1.3921496781691196e+00
1.3951476326018331e+00
1.3830031435216170e+00
1.3910254634743797e+00
1.3844410038523780e+00
1.3795642336592764e+00
1.3875533361080929e+00
1.3849614480805446e+00
1.3906270053981402e+00
1.3864824616434330e+00
1.3909599863725681e+00
1.3853042932016040e+00
1.3867788127181868e+00
1.3908826942144874e+00
1.3893055616190086e+00
1.3921601033320605e+00
1.3818210344666160e+00
1.3849224540180332e+00
1.3880222666364750e+00
1.3896068083371311e+00
1.3892131746350416e+00
1.3861524021115923e+00
1.3907602583528271e+00
1.3898560626252490e+00
1.3922024891840306e+00
1.3869103255330202e+00
1.3908404664510747e+00
1.3892470585743588e+00
1.3944013006536367e+00
1.4028083359917094e+00
1.3915131070414037e+00
1.3944697460367028e+00
1.3906391145639307e+00
1.3821750491629363e+00
1.3874164267709965e+00
1.3890943194120282e+00
1.3918655778809985e+00
1.3865732125455679e+00
1.3954925067446435e+00
1.3977421421884941e+00
1.3863962021984200e+00
1.3940499375532174e+00
1.3887533769126186e+00
1.3961662806645092e+00
1.3843705383289258e+00
1.3862216355586596e+00
1.3922426622987001e+00
1.3823928187712917e+00
1.3935066277370385e+00
1.3904675105178688e+00
1.3993524526393302e+00
1.3808387040165702e+00
1.3843918900921999e+00
1.3939880376002609e+00
1.3811156847361179e+00
1.3870407941238010e+00
1.3903500315682855e+00
1.3942893639845664e+00
1.3851670515028793e+00
1.4050702170559479e+00
1.3818911681998098e+00
1.3822991687744430e+00
1.3821670284185446e+00
1.3830424059439741e+00
1.3858863907977064e+00
1.3871775720968056e+00
1.3902983225694190e+00
1.3842809132901028e+00
1.3840267280750644e+00
1.3847904605040149e+00
1.3880038514578599e+00
1.3798087053558437e+00
1.3904193217383514e+00
1.3920626197231334e+00
1.3922696527918337e+00
1.3845071763270507e+00
1.3881584250768764e+00
1.3863462377348401e+00
1.3850586591171592e+00
1.3865804569276818e+00
1.3889505525025934e+00
1.3873977022703607e+00
1.3890003059831233e+00
1.3948683914552056e+00
1.3896278892121485e+00
1.3925320001001360e+00
1.3919563487448545e+00
1.3953451584426031e+00
1.3896849783057041e+00
1.3856310243394043e+00
1.3918899435899406e+00
1.3885519648307012e+00
1.3939459067274924e+00
1.3867155242951306e+00
1.3890364409572431e+00
1.3931208131564448e+00
1.3961143642246399e+00
1.3920261721339759e+00
1.3897923592935291e+00
1.3908723539954924e+00
1.3859584557893481e+00
1.3909421379940274e+00
1.3956482499317167e+00
1.3868324668217415e+00
1.3813489086499444e+00
1.3929316441573825e+00
1.3868545375881247e+00
1.3898438319621997e+00
1.3849740303047895e+00
1.3895029245706805e+00
1.3888265693220243e+00
1.3878055142637524e+00
1.3847989152195808e+00
1.3820135237600593e+00
1.3864342800206491e+00
1.3874909495323282e+00
1.3823893747297216e+00
1.3822576261447821e+00
1.3796180400215388e+00
1.3875818874836796e+00
1.3869152596596868e+00
1.3803934989004691e+00
1.3875074210062419e+00
1.3860522489936578e+00
1.3963304325149650e+00
1.3961553685931321e+00
1.3904016556626775e+00
1.3920449515480680e+00
1.3849137082589511e+00
1.3890466803379429e+00
1.3862088283114853e+00
1.3894191907980875e+00
1.3921243629659428e+00
1.3913917292376634e+00
1.3910056852295007e+00
1.3871398790639873e+00
1.3903447669567583e+00
1.3988989814794055e+00
1.3858741862600015e+00
1.3919808382944250e+00
1.3868142560553121e+00
1.3895322507556920e+00
1.3948565560112793e+00
1.3827109412170102e+00
1.3888524719599860e+00
1.3963050221742239e+00
1.3882846181498998e+00
1.3858231586677174e+00
1.3902459001286529e+00
1.3865256615344794e+00
1.3972266168417296e+00
1.3833438000565632e+00
1.3935963420649269e+00
1.3894014332298117e+00
1.3864255895192337e+00
1.3902941562497315e+00
1.3921772331320010e+00
1.3889497496544791e+00
1.3862540384162088e+00
1.3841290168787792e+00
1.3886358881643106e+00
1.3833632308768014e+00
1.3905665618710448e+00
1.3825242684868293e+00
1.3877491797876438e+00
1.3855671974917467e+00
1.3903644329970517e+00
1.3934850179260028e+00
1.3933186056109568e+00
1.3883857898021670e+00
1.4006294924743339e+00
1.3794979544348642e+00
1.3898089373583484e+00
1.3890316172619486e+00
1.3932076409366239e+00
1.3884928452456304e+00
1.3864872590320816e+00
1.3886780878247607e+00
1.3890698033180353e+00
1.3839982352414708e+00
1.3895889746154999e+00
1.3857261696997203e+00
1.3891466858942507e+00
1.3922402666380307e+00
1.3882981618945383e+00
1.3872374268710947e+00
1.3930019978795150e+00
1.3840503461844913e+00
1.3857876198411192e+00
1.3818060145664575e+00
1.3865304665926794e+00
1.3869102549677461e+00
1.3924959921152604e+00
1.3932076962222235e+00
1.3892380688610098e+00
1.3863948735143696e+00
1.3863049628599005e+00
1.3886315092612029e+00
1.3863904642853033e+00
1.3915422606650261e+00
1.3901645523869159e+00
1.3855040269124952e+00
1.3861433944061563e+00
1.3812280857206878e+00
1.3867485948088267e+00
1.3965934387975458e+00
1.3968589347703049e+00
1.3906511024611194e+00
1.4002127562770041e+00
1.3926807277466076e+00
1.3901327420274736e+00
1.3849241622249207e+00
1.3905972608286969e+00
1.3921722423024150e+00
1.3931528558143855e+00
1.3882366281892482e+00
1.3892605784537306e+00
1.3928561347832717e+00
1.3842898781907333e+00
1.3933906478994420e+00
1.3817646587219212e+00
1.3995284164732762e+00
1.3943033263283884e+00
1.3948006239239579e+00
1.4002905717795213e+00
1.3867280741721937e+00
1.3880191605131404e+00
1.3902793102588813e+00
1.3825043839447442e+00
1.3836419152989958e+00
1.3822732994635363e+00
1.3932633312877332e+00
1.3840967059412581e+00
1.3840781104193942e+00
1.3889610937230648e+00
1.3885898505452055e+00
1.3933478966555810e+00
1.3882068251823825e+00
1.3825539734890953e+00
1.3816293283730812e+00
1.3943304654681494e+00
1.3786345084066671e+00
1.3817143514126027e+00
1.3854216697668491e+00
1.3926565094242676e+00
1.3979651742540806e+00
1.3912322161722590e+00
1.3879476890489686e+00
1.3894186844091152e+00
1.3868719682505291e+00
1.3891471235133281e+00
1.3886043337827605e+00
1.3900324677416025e+00
1.3927559118515351e+00
1.3956024846395021e+00
1.3837980801870202e+00
1.3931978341710896e+00
1.3918344616842209e+00
1.3873875905253865e+00
1.3987729106151450e+00
1.3878461949524243e+00
1.3890794456409630e+00
1.3841217021280272e+00
1.3876113119254079e+00
1.3927996360187020e+00
1.3938684769927736e+00
1.3847656086734306e+00
1.3886488227268281e+00
1.3910489109700641e+00
1.3945632849320926e+00
1.3823500411545850e+00
1.3890580431484996e+00
1.3857460110191078e+00
1.3874887995312601e+00
1.3905320943003472e+00
1.3921448030612800e+00
1.3904847625830941e+00
1.3826969879073820e+00
1.3932463663175809e+00
1.3863508415940611e+00
1.3891631655201335e+00
1.3772024196929564e+00
1.3792117725583584e+00
1.3871243643160434e+00
1.3846912756150640e+00
1.3787054558958804e+00
1.3766661886696010e+00
1.3866185944864060e+00
1.3855622865223547e+00
1.3898006695892071e+00
1.3745480076593102e+00
1.3862340452436090e+00
1.3785821802309186e+00
1.3771371343535075e+00
1.3850539578786438e+00
1.3786059827390638e+00
1.3850998885009760e+00
1.3839103665207955e+00
1.3741494767559059e+00
1.3792077365758582e+00
1.3856229522785881e+00
1.3893742183210811e+00
1.3890869706957840e+00
1.3866818651328188e+00
1.3881307220786088e+00
1.3937616863809772e+00
1.3919632380132858e+00
1.3878677699268158e+00
1.3826157235348653e+00
1.3918041814636875e+00
1.3872102335542997e+00
1.3946825173062063e+00
1.3919849959732025e+00
1.3913383321629527e+00
1.3857270606299732e+00
1.3913051441206032e+00
1.3917901499383794e+00
1.3984298386671201e+00
1.3950088536493770e+00
1.3819852664826395e+00
1.3804202291385146e+00
1.3909845805662051e+00
1.3809924961121276e+00
1.3835334989937500e+00
1.3837170495145326e+00
1.3894407075158763e+00
1.3863601197008359e+00
1.3830307944690308e+00
1.3940135523385564e+00
1.3858590710003227e+00
1.3922937100441504e+00
1.3896366795322646e+00
1.3905078384154290e+00
1.3854017490015851e+00
1.3928886419551529e+00
1.3863966166533805e+00
1.3880698583291906e+00
1.3846286357390951e+00
1.3826492360690856e+00
1.3898927015734610e+00
1.3969389077582524e+00
1.3855732267664234e+00
1.3870035869518806e+00
1.3865435954303631e+00
1.3884881458594238e+00
1.3936884037012716e+00
1.3840363847526929e+00
1.3862712690167707e+00
1.3938998006268155e+00
1.3868354875301983e+00
1.3877654203208809e+00
1.3919616533096466e+00
1.3865004335084532e+00
1.3856998818438917e+00
1.3870960750349208e+00
1.3875097475565739e+00
1.3823617416767984e+00
1.3828011922930610e+00
1.3876353774477834e+00
1.3821503483806747e+00
1.3929384635367736e+00
1.3896066084529799e+00
1.3857610630400321e+00
1.3924391125325706e+00
1.3979911948424768e+00
1.3934416764092086e+00
1.3864337683505441e+00
1.3922624695130079e+00
1.3821092825538317e+00
1.3897490028843127e+00
1.3932806842141428e+00
1.3962128525676700e+00
1.3990636140781787e+00
1.3854000455071771e+00
1.3961952278233187e+00
1.3875386241843792e+00
1.3952359031463029e+00
1.3922281205349079e+00
1.3905679763362446e+00
1.3976306183140357e+00
1.3877759732372237e+00
1.3892295623527173e+00
1.3918121383438287e+00
1.3897270923059430e+00
1.3909507325992314e+00
1.3953631357317626e+00
1.3944922957725858e+00
1.3962533143411340e+00
1.3889732196213789e+00
1.3834024911318668e+00
1.3969224241942075e+00
1.3957088985183688e+00
1.3949287497468663e+00
1.3859012553045638e+00
1.3850856118544168e+00
1.3907503230697900e+00
1.3868215809836428e+00
1.3906201068994630e+00
1.3844381031952622e+00
1.3903976461918910e+00
1.3963040691034341e+00
1.3897688404639215e+00
1.3885522632425698e+00
1.3873514421314725e+00
1.3864952742204819e+00
1.3909342201810908e+00
1.3882935920592983e+00
1.3902220406127157e+00
1.3828245866035249e+00
1.3845959144118964e+00
1.3904680570209489e+00
1.3800930551343782e+00
1.3811081598096868e+00
1.3792579200579518e+00
1.3828684371984077e+00
1.3779059927044759e+00
1.3816738955695136e+00
1.3844234026789177e+00
1.3841114075668692e+00
1.3922211766275379e+00
1.3909902736256246e+00
1.3927578799088625e+00
1.3838484762882775e+00
1.3760639874529275e+00
1.3829418565614251e+00
1.3884154272727587e+00
1.3841269531560147e+00
1.3935462852092952e+00
1.3944296317883540e+00
1.3933320257620672e+00
1.3912985729516230e+00
1.3901309002715063e+00
1.3920346601071358e+00
1.3909179786620296e+00
1.3913248329472403e+00
1.3922293397018086e+00
1.3788194582813464e+00
1.3851322123777663e+00
1.3930711824387563e+00
1.3918265321137422e+00
1.3797756145674474e+00
1.3887475537074696e+00
1.3950386222453091e+00
1.3885673364702662e+00
1.3940881473383222e+00
1.3954902627078003e+00
1.3874077680649048e+00
1.3855454183832832e+00
1.3923968974306746e+00
1.3872070589624095e+00
1.3886381754389350e+00
1.3901916317152601e+00
1.3905189872175814e+00
1.3812723674290794e+00
1.3838545843959305e+00
1.3876172350160065e+00
1.3848241539927137e+00
1.3903672270953422e+00
1.3868986998880601e+00
1.4000409176620581e+00
1.3851053365815205e+00
1.3863731283665597e+00
1.3919160733278726e+00
1.3899465963240971e+00
1.3818500002568532e+00
1.3854266482922377e+00
1.3828776032542038e+00
1.3839465223749468e+00
1.3901457258171785e+00
1.3883159430362546e+00
1.3953337614735279e+00
1.3848684461444762e+00
1.3937394033603778e+00
1.3889691750683457e+00
1.3838627283578768e+00
1.3866997682648599e+00
1.3889449473203630e+00
1.3911543195994716e+00
1.3864695566844769e+00
1.3903419646180373e+00
1.3968124850402048e+00
1.3930076146915218e+00
1.3972399162504214e+00
1.3873571510461182e+00
1.3806292823995208e+00
1.3848135462037732e+00
1.3924281920958521e+00
1.3921088343431103e+00
1.3845526956293668e+00
1.3887792770415188e+00
1.3797323121389926e+00
1.3807491899094888e+00
1.3860725012136914e+00
1.3876035105257840e+00
1.3921305834651021e+00
1.3874276864678585e+00
1.3873876134375871e+00
1.3787521544431423e+00
1.3818456095817717e+00
1.3828899846676990e+00
1.3941624164980670e+00
1.3868665683128281e+00
1.3822860106867949e+00
1.3810247486358704e+00
1.3888466722268207e+00
1.3898169867316472e+00
1.3886928305181969e+00
1.3925738112237560e+00
1.3870936579171127e+00
1.3911334640660928e+00
1.3870488028862595e+00
1.3819398624221471e+00
1.3848638241682787e+00
1.3868909876549746e+00
1.3887706872119605e+00
1.3906905007756392e+00
1.3810945369811798e+00
1.3870684515772114e+00
1.3944252329148832e+00
1.3963489006356067e+00
1.3886846536264177e+00
1.3937390032652768e+00
1.3919402289416218e+00
1.3903439330616880e+00
1.3929652581260774e+00
1.3850810146971939e+00
1.3954833309560284e+00
1.3939601023768919e+00
1.3927554823989026e+00
1.3947765045556533e+00
1.3908206073868101e+00
1.3867023585430813e+00
1.3847787789006401e+00
1.3912940085679921e+00
1.3889200818127880e+00
1.3932229346108145e+00
1.3935798517358744e+00
1.3859930666226727e+00
1.3930509944884408e+00
1.3901155936383673e+00
1.3936862322603283e+00
1.3890499212078720e+00
1.3915287187975069e+00
1.3876584509199577e+00
1.3846507860265300e+00
1.3904683061313818e+00
1.3958029083904924e+00
1.3877642157744656e+00
1.3904515648536648e+00
1.3906810053763936e+00
1.3944436710161561e+00
1.3950600722770679e+00
1.3833196982825438e+00
1.3900234800365192e+00
1.3872496720327916e+00
1.4004612462714441e+00
1.3845522821029024e+00
1.3904898209759204e+00
1.3843561372152522e+00
1.3853914769583682e+00
1.3915574820371666e+00
1.3867537722694276e+00
1.3888407541624328e+00
1.3949126173296165e+00
1.3959892671806227e+00
1.3886211295473128e+00
1.3871479561757407e+00
1.3933372050092849e+00
1.3829476578442106e+00
1.3816980081462267e+00
1.3924038223450363e+00
1.3871831226401765e+00
1.3910878275048353e+00
1.3921084635439165e+00
1.3859746059754137e+00
1.3918288395483238e+00
1.3940144025575083e+00
1.3871567727029650e+00
1.3885890109574131e+00
1.3941173243138316e+00
1.3953221734114070e+00
1.3905153399208892e+00
1.3943946604541546e+00
1.3940766446212296e+00
1.3879425280675834e+00
1.3861044427995430e+00
1.3930284855362569e+00
1.3853794210804447e+00
1.3859340074639428e+00
1.3828955942875758e+00
1.3815878565814710e+00
1.3883807313022629e+00
1.3869863703636938e+00
1.3867706636792747e+00
1.3909921433652503e+00
1.3903125143986497e+00
1.3849395364279939e+00
1.3823936156084171e+00
1.3956699557426910e+00
1.3885850967115354e+00
1.3959343663485810e+00
1.3847556936598746e+00
1.3922750269849138e+00
1.3835752202777176e+00
1.3920461538164985e+00
1.3932857090476123e+00
1.3857215304294883e+00
1.3847849814245450e+00
1.3847730872229220e+00
1.3825835382662131e+00
1.3850449901161805e+00
1.3869336953191460e+00
1.3803744020132924e+00
1.3863187904378407e+00
1.3806795663336058e+00
1.3857936328807288e+00
1.3862180594881137e+00
1.3834983602315505e+00
1.3795724973494614e+00
1.3851611911415898e+00
1.3808790611859088e+00
1.3912236905087856e+00
1.3893282602948922e+00
1.3960008804622952e+00
1.3868261783956413e+00
1.3876941046997253e+00
1.3875122588297717e+00
1.3888469183306471e+00
1.3834919754476995e+00
1.3898847489981960e+00
1.3866760380347107e+00
1.3955390227012454e+00
1.3845700220341495e+00
1.3889183982238007e+00
1.3836571969197251e+00
1.3862164328762263e+00
1.3934946468244023e+00
1.3893376642353232e+00
1.3881645088309889e+00
1.3899924987941636e+00
1.3893753545082266e+00
1.3865579007453974e+00
1.3873280261389815e+00
1.3895490081856430e+00
1.3952560391680915e+00
1.3900134059033042e+00
1.3932763598594258e+00
1.3901899409192673e+00
1.3873521293287538e+00
1.3954604858044666e+00
1.3898423473615800e+00
1.3953453439753973e+00
1.3864307811876309e+00
1.3953471652194374e+00
1.3871958424980140e+00
1.3925113793100241e+00
1.3942204542156320e+00
1.3875097882618508e+00
1.3903455788955095e+00
1.3916641598935673e+00
1.3881924031138446e+00
1.3916359724186194e+00
1.3851102135174600e+00
1.3932350169280792e+00
1.3795195151860267e+00
1.3797880180948134e+00
1.3863111656619127e+00
1.3957001517222709e+00
1.3879105192690897e+00
1.3860620977517097e+00
1.3823858910941382e+00
1.3924244923608944e+00
1.3891692670374927e+00
1.3959536815296623e+00
1.3838037008231954e+00
1.3949972977300957e+00
1.3864880796737193e+00
1.3937901208898367e+00
1.3891964772853667e+00
1.3959509357715765e+00
1.3937032624562711e+00
1.3855024389241173e+00
1.3931080261420998e+00
1.3847794497985781e+00
1.3798441125044805e+00
1.3880533741595726e+00
1.3859339321585240e+00
1.3842017135406415e+00
1.3921298223370100e+00
1.3880523470143642e+00
1.3852407805512490e+00
1.3841192038513312e+00
1.3887970345466041e+00
1.3930753031037335e+00
1.3821949326695255e+00
1.3894385712936803e+00
1.3939200030754251e+00
1.3880083286655989e+00
1.3929629205786860e+00
1.3864024686965077e+00
1.3854021565601222e+00
1.3910662010883603e+00
1.3942172122417709e+00
1.3865688658736754e+00
1.3905004587142820e+00
1.3929120241494306e+00
1.3843055633377901e+00
1.3954114376318103e+00
1.3940628720724932e+00
1.3914131179514120e+00
1.3911217859054066e+00
1.3876982453658335e+00
1.3887064513733274e+00
1.3849024837508210e+00
1.3942018312996403e+00
1.3926691159151303e+00
1.3855052221589093e+00
1.3881786545513952e+00
1.3827767677091687e+00
1.3912229401027965e+00
1.3893793010958806e+00
1.3922454906441892e+00
1.3925601638774523e+00
1.3892734020304538e+00
1.3907629521965765e+00
1.3937312946154872e+00
1.3913905888850164e+00
1.3905141994648489e+00
1.3968856079243064e+00
1.3940804455781866e+00
1.3930644736570004e+00
1.3924907621936582e+00
1.3858464904299144e+00
1.3871519529083784e+00
1.3917654706235962e+00
1.3972275286798765e+00
1.3830040247125555e+00
1.3845174496956532e+00
1.3941721094372646e+00
1.3826100485055661e+00
1.3897161176907513e+00
1.3930886132625837e+00
1.3795945437319010e+00
1.3909015069591177e+00
1.3852538590253791e+00
1.3893760888529287e+00
1.3946214600689804e+00
1.3879337064147581e+00
1.3880042490101652e+00
1.3908249108303297e+00
1.3928742978335329e+00
1.3880489433533663e+00
1.3890097792572742e+00
1.3880459876625011e+00
1.3783379697707272e+00
1.3804340714624626e+00
1.3854940621816756e+00
1.3927512546185856e+00
1.3892378609206568e+00
1.3841411764467713e+00
1.3869180785927908e+00
1.3924888297265177e+00
1.3965510056211716e+00
1.3913164388637309e+00
1.4003517298114658e+00
1.3892272454865655e+00
1.3813911043168454e+00
1.3882306958650645e+00
1.3931956568706585e+00
1.3953505732155016e+00
1.3893766674096593e+00
1.3917917486848601e+00
1.3996294687355302e+00
1.3881406198465378e+00
1.3934014707263394e+00
1.3861872596178371e+00
1.3857225057610343e+00
1.3950662390175854e+00
1.3911831149617278e+00
1.3933187418507282e+00
1.3953198742432302e+00
1.3850025901569518e+00
1.3931873239937704e+00
1.3879238586693006e+00
1.3864437653564774e+00
1.3876131806288143e+00
1.3930967816267055e+00
1.3886416789637963e+00
1.3827535269973115e+00
1.3938228088853986e+00
1.3885190705929762e+00
1.3974803042745318e+00
1.3923032272867311e+00
1.3866213618320906e+00
1.3925895205539955e+00
1.3872976142373472e+00
1.3875467223119646e+00
1.3814711297013280e+00
1.3872243447156916e+00
1.3839642949186779e+00
1.3777859067475353e+00
1.3796745050898265e+00
1.3840434958727392e+00
1.3769102640822213e+00
1.3772215548109255e+00
1.3878980322931167e+00
1.3795117465476114e+00
1.3776826659106407e+00
1.3859061106125583e+00
1.3835093112783197e+00
1.3829938503517110e+00
1.3785217667788656e+00
1.3858476642781188e+00
1.3807193325705605e+00
1.3865680466824657e+00
1.3787723260009017e+00
1.3900334398509022e+00
1.3863867461029684e+00
1.3955031331746366e+00
1.3806991801024280e+00
1.3943342549125770e+00
1.3925570121745541e+00
1.3899719637584758e+00
1.3875540385490150e+00
1.3850211676916280e+00
1.3869039290729688e+00
1.3851141925905128e+00
1.3868389737964730e+00
1.3838503775175930e+00
1.3894269624390638e+00
1.3978924172624800e+00
1.3876394093122677e+00
1.3879647469455285e+00
1.3902156634239937e+00
1.3854089695797460e+00
1.3924500353504090e+00
1.3895968635175393e+00
1.3846439859094104e+00
1.3932725173754317e+00
1.3972350211277487e+00
1.3858776298121418e+00
1.3908772110025114e+00
1.3920889174721476e+00
1.3809813887229272e+00
1.3873737026162292e+00
1.3806770393786447e+00
1.3782513988879825e+00
1.3892936149079294e+00
1.3904843676330556e+00
1.3888316492412363e+00
1.3889919382289484e+00
1.3927759220224345e+00
1.3885985477683249e+00
1.3878354958957380e+00
1.3885354802554508e+00
1.3918229495210881e+00
1.3868943776660954e+00
1.3877090470294753e+00
1.3890136605157615e+00
1.3947733930097577e+00
1.3908328527962086e+00
1.3837981113823570e+00
1.3882812385545122e+00
1.3889931057317273e+00
1.3928181157043269e+00
1.3906459440572492e+00
1.3895714936911510e+00
1.3889473335050655e+00
1.3892562998825781e+00
1.3901385925365985e+00
1.3897884614405396e+00
1.3903419011905085e+00
1.3852036127876504e+00
1.3865655005769646e+00
1.3930110868468992e+00
1.3826913361057631e+00
1.3916061328897147e+00
1.3863973051007210e+00
1.3913914343009335e+00
1.3904700836031827e+00
1.3859055745243782e+00
1.3860267507291368e+00
1.3891389804082621e+00
1.3903290688626653e+00
1.3916600716532079e+00
1.3851006710711851e+00
1.3899092141004898e+00
1.3911121993634916e+00
1.3874299553189708e+00
1.3896690317934013e+00
1.3837184173338126e+00
1.3864665535803400e+00
1.3839192973830976e+00
1.3870675914480497e+00
1.3845407251365565e+00
1.3871605916917433e+00
1.3890959023892462e+00
1.3797920904399090e+00
1.3908746457422598e+00
1.3869491931830389e+00
1.3918656714379152e+00
1.3967203436517588e+00
1.3914404306901929e+00
1.3870950766876995e+00
1.3856692131948474e+00
1.3863244695970030e+00
1.3955549372377654e+00
1.3918873539468517e+00
1.3958520748568928e+00
1.3912659508544127e+00
1.3936160701205278e+00
1.3893769138253473e+00
1.3927230586707307e+00
1.3904999525604669e+00
1.3897532571054461e+00
1.3855600112627655e+00
1.3913684139004110e+00
1.3878720921932493e+00
1.3918993291957742e+00
1.3955233786006807e+00
1.3912559356297673e+00
1.3861303989235223e+00
1.3909039553430247e+00
1.3870630068386582e+00
1.3758505983701053e+00
1.3785531527924670e+00
1.3879421651575841e+00
1.3797230799309705e+00
1.3769235197351157e+00
1.3784514082331354e+00
1.3831542645338739e+00
1.3857358900612737e+00
1.3776185146880173e+00
1.3789036634322660e+00
1.3843945312514865e+00
1.3839202324391646e+00
1.3831937468440767e+00
1.3889817960782895e+00
1.3843100227690088e+00
1.3807692704038506e+00
1.3825132841887913e+00
1.3769993802183109e+00
1.3850972536351220e+00
1.3766246119288903e+00
1.3876962483569335e+00
1.3878693426538182e+00
1.3953552809033212e+00
1.3883075659199660e+00
1.3841065774841022e+00
1.3879788429148403e+00
1.3887070913136135e+00
1.3843024401800417e+00
1.3873861779987224e+00
1.3883187387562008e+00
1.3847736501914250e+00
1.3900744434224792e+00
1.3871945406289392e+00
1.3888989553154085e+00
1.3858938154178233e+00
1.3891003016730137e+00
1.3804770781274260e+00
1.3936640196640691e+00
1.3880222768597654e+00
1.3854626292409575e+00
1.3942641065591099e+00
1.3959168153057788e+00
1.3875466788016004e+00
1.3842091125636415e+00
1.3885648476406756e+00
1.3847360017870729e+00
1.3866877049799291e+00
1.3905840806467153e+00
1.3864651738266993e+00
1.3904812505264494e+00
1.3860270883376551e+00
1.3867756127516750e+00
1.3880712175973795e+00
1.3913215049296053e+00
1.3886164602701025e+00
1.3810632412781949e+00
1.3840604712170996e+00
1.3892546102099796e+00
1.3893824069203131e+00
1.3832443258658060e+00
1.3869592531777986e+00
1.3975084514669340e+00
1.3872810001024298e+00
1.3908798146491461e+00
1.3832329198000910e+00
1.3912814995361369e+00
1.3921963040588554e+00
1.3911248354686581e+00
1.3906004642310104e+00
1.3886734695857526e+00
1.3881240652087554e+00
1.3873797953050169e+00
1.3849125905262258e+00
1.3935800040683126e+00
1.3919538278251353e+00
1.3910952014694367e+00
1.3845568071110830e+00
1.3964284881270306e+00
1.3944394106848119e+00
1.3915379990039494e+00
1.3750036090551074e+00
1.3884008751697712e+00
1.3925646399699445e+00
1.3921658540221564e+00
1.3878674830869695e+00
1.3877733235933309e+00
1.3903748195781604e+00
1.3852910315298572e+00
1.3905528182981577e+00
1.3873003230732148e+00
1.3862804563963280e+00
1.3920334091034849e+00
1.3901131752431202e+00
1.3871332977040123e+00
1.3972775878539043e+00
1.3903096624391242e+00
1.3947921209588394e+00
1.3912468665771527e+00
1.3913213603422572e+00
1.3898634818548430e+00
1.3886480926260247e+00
1.3887282343754552e+00
1.3884804542671951e+00
1.3943886873939622e+00
1.3950033415508927e+00
1.3860065251301223e+00
1.3922929618865318e+00
1.3951551229175498e+00
1.3902356935293085e+00
1.3882966823826883e+00
1.3851305348249692e+00
1.3929883095532034e+00
1.3883698926951389e+00
1.3933310065620421e+00
1.3895152099813182e+00
1.3878296501260330e+00
1.3876915052796781e+00
1.3859447950304780e+00
1.3886086725970206e+00
1.3832700643495919e+00
1.3883553100040140e+00
1.3891616085721317e+00
1.3935357399577102e+00
1.3885056351041041e+00
1.3919080459748046e+00
1.3895670303745631e+00
1.3879021033767387e+00
1.3947242691270987e+00
1.3937093572258856e+00
1.3874246735482874e+00
1.3868169987074168e+00
1.3926441889511187e+00
1.3922525194507680e+00
1.3948949246930358e+00
1.3899391679803470e+00
1.3965417370490283e+00
1.3901761252698026e+00
1.3891322868806146e+00
1.3887464698015830e+00
1.3859012452113209e+00
1.3839650889432225e+00
1.3839263744495442e+00
1.3867643636824571e+00
1.3929861945271973e+00
1.3936433206202563e+00
1.3878167335699467e+00
1.3887195169561135e+00
1.3811155525203667e+00
1.3810825941584826e+00
1.3917682720499602e+00
1.3869967824918394e+00
1.3848540572106687e+00
1.3903149560271550e+00
1.3871806724288884e+00
1.3935141604037380e+00
1.3921091396996375e+00
1.3909780655204032e+00
1.3829885800653143e+00
1.3858658252868408e+00
1.3920434572671461e+00
1.3983519842404188e+00
1.3848333140726847e+00
1.3905117652090990e+00
1.3963943896849409e+00
1.3955139318540180e+00
1.3894136482689206e+00
1.3878031578579291e+00
1.3870906404555570e+00
1.3901319845955591e+00
1.3913633572010167e+00
1.3889944980245523e+00
1.3859198231773686e+00
1.3935358491048839e+00
1.3897726907888412e+00
1.3886292965721532e+00
1.3885572778643371e+00
1.3902471107572332e+00
1.3881459255548370e+00
1.3851221886211309e+00
1.3932343931437217e+00
1.3974493709714828e+00
1.3859150607567592e+00
1.3825726574807327e+00
1.3956185736321032e+00
1.3919122342722574e+00
1.3878494618343857e+00
1.3952079581806018e+00
1.3891931049917066e+00
1.3954842443151534e+00
