#iconf charge icharge
101 2.443592570046763 2.551073744216961
102 -1.708120105191069 -1.737899695396358
103 4.150317646514964 4.635856512984436
104 -1.037140111943475 -1.320760336104421
105 -0.9294267285415697 -1.100089528447312
106 -2.288824711605159 -2.859507593809827
107 17.33346629050463 18.71141144607653
108 12.26893876986178 12.97158508460302
109 11.07343403122022 12.24194580695148
110 -1.542928848908128 -1.575343531644431
111 -10.4729564825374 -11.47189359954308
112 -10.68959199131844 -11.33159820983988
113 -4.00044563902699 -4.447141619427605
114 -5.889846333934193 -5.960932377006141
115 -2.907948839754474 -2.763391996088701
116 1.245775454472295 1.381196378062029
117 -1.85777290092218 -2.197827978074091
118 11.73635657132144 12.44583876679584
119 -3.348179876787782 -3.799815789352998
120 9.494689545854055 10.20963574217241
121 -2.122246658165993 -2.357479632093211
122 4.128655791616429 4.671782099364986
123 -1.841668013895385 -2.224899628359884
124 6.835061451818255 7.177733461978229
125 9.263871044813433 10.06704587012164
126 -1.681528292614257 -1.692650296108158
127 3.743190595506348 3.982460368681495
128 1.927645916132553 1.986621056628961
129 11.2250370104755 12.01741831161168
130 3.546959555632407 3.720827471132828
131 -2.296114572812041 -2.560051343489362
132 -10.64617574110355 -11.66184293093076
133 2.687353374681863 2.719979290455211
134 -3.826012102696253 -3.914887341493622
135 -0.9561096578242848 -0.8640335466667746
136 1.01740304536232 1.121557779420722
137 -7.496737485735049 -8.139266805857712
138 -11.99259877944823 -13.11447883063193
139 0.2720590856657356 0.3388351210423722
140 2.513818488727932 2.735773295771493
141 -12.31053523056264 -13.17311769335984
142 -6.303848576474925 -6.703829468785959
143 -9.024424226296825 -10.01501484922953
144 4.818734612830421 5.363554765643671
145 5.484874652605849 5.77403623158422
146 1.508554248105703 1.666372244671609
147 -10.31489323256817 -11.24562319360362
148 -3.281758058804153 -3.83238095258206
149 6.855196088736858 7.631458780371182
150 0.1653291376998733 0.3042467500605269
151 -11.05714218815453 -12.13731273085685
152 -2.793601781159948 -2.713508045605387
153 2.653026155775433 2.922766703237794
154 1.689118303199098 1.429914077016409
155 5.791099038580108 5.965766684817324
156 12.19712375107854 12.84231071694799
157 7.649840947796986 8.269698995396286
158 17.95030448919187 19.22982994296552
159 8.237988284856973 8.672451487595586
160 5.535834301394019 5.819531335962633
161 5.474282933630937 5.874985737149027
162 -0.1897363866102159 -0.1424205696550827
163 2.385349491175409 2.843270350103268
164 11.70549197482982 12.85126784153194
165 6.782383486474705 7.292975544827136
166 -2.950317544126175 -3.270188426072487
167 3.821041352856451 4.275406216752923
168 -7.135055381991158 -8.06515340340154
169 -1.699246490553687 -1.834990566014823
170 7.222965238103638 8.277823834321001
171 5.004941355985245 5.511465955550626
172 8.082475650762145 8.907394595517317
173 0.3091910592809484 0.3591639732704839
174 3.28893670948872 3.275301180214651
175 -1.955460533779227 -2.218145794546518
176 5.717878513115942 6.499601948342841
177 2.604270468374593 3.033397881344111
178 3.166287872423761 3.259176461186424
179 2.099730721659169 2.203172087436839
180 -2.264622169501806 -2.845565982735203
181 0.4257923477534146 0.316463936141454
182 5.457962785251551 6.073428568528277
183 4.161711450591525 4.528815348973691
184 0.4913896539459122 0.80724834236025
185 -5.541080129571661 -6.262755882500335
186 -0.2399660785185248 -0.3493638428584529
187 7.862316256827205 8.310031902351605
188 2.906248001430846 2.939794387808165
189 -9.202138302465457 -9.97498830165199
190 -6.760303243783696 -6.97641924580062
191 -15.0768326432226 -16.48452132601289
192 -4.661897856183449 -4.770563039992821
193 -9.709085800705019 -10.50534572117965
194 -10.93357633698048 -11.7136464344844
195 -7.300411531706297 -7.908709476679769
196 -0.869260410674388 -1.002554313849909
197 0.8737208969352797 0.8785329089035669
198 6.018472425962638 6.50543010843779
199 4.353017180009119 4.361313926980349
200 -2.80378596241933 -3.308322767847523
201 -10.6826185252337 -11.60245256636606
202 -6.044511453922619 -6.570183582071895
203 -1.557354561747303 -1.767212466282292
204 9.191813963934877 9.999912868947034
205 5.047417880666675 5.185203340677101
206 5.262123225718222 5.704347588008328
207 -5.581215287687597 -5.976179496244174
208 -11.59795212757113 -12.60779538077782
209 -2.06106590196877 -2.058785248184643
210 -11.48571192387006 -12.32349691869161
211 -8.507507084232573 -9.150048747319319
212 -4.424445566207966 -4.887493113833568
213 -15.05938298452027 -16.45970883773658
214 -14.83668659118372 -15.9624148603503
215 -7.872484651669083 -8.84510328411857
216 2.04980658100018 2.150385650044902
217 6.429546327924855 7.000354337357895
218 15.15057798019167 16.18598980033031
219 10.21643449355153 11.24675443593528
220 -0.8997020538550552 -0.9784366793184601
221 -8.116741231645602 -9.210914018609223
222 2.501411139455793 2.765859258655083
223 4.516567646972221 4.980319788421422
224 8.943173796125846 9.691300989173582
225 15.72435147249776 16.95979406066132
226 14.51960974010164 15.79167332169019
227 3.896101308518448 3.823830712376305
228 7.370197796739069 7.873689290188649
229 -2.686290313369871 -3.190632220585519
230 -1.299586333906563 -1.30051898820502
231 -8.478388970821619 -8.906645984433693
232 -4.30931593429342 -4.602504211787886
233 1.117693786679851 1.368810786568851
234 -2.448407314450353 -2.164679120420773
235 -2.236985612359223 -2.618483557536984
236 -1.816570135461747 -1.922651755065676
237 -3.182707832781121 -3.177177431235333
238 -10.38116048276125 -10.99429629105845
239 2.620009105049238 2.793791813028851
240 8.186727195642897 8.646787250182927
241 -4.655520994065673 -4.966376784218413
242 -12.58682153735253 -13.88750831369443
243 1.236583434604893 1.341735732176457
244 -0.7724693740185253 -0.9123088501165671
245 8.442830793085063 8.949292796956286
246 12.05308462590287 13.06165964893417
247 3.486266938176934 3.766862732775917
248 14.78088687418251 15.87667017970684
249 20.98554595684268 22.54365553399641
250 14.39689011597826 15.36105969508403
251 2.938668257082554 2.824484572187903
252 -0.5901092281132293 -1.026771334273814
253 -1.616365972413367 -2.128158272149332
254 1.513250169987329 1.473803667106292
255 1.65527039272677 1.921209754955562
256 -2.567062851331926 -2.744938491959528
257 10.7429323377641 11.5089263850169
258 -3.107414537998407 -3.334486794566265
259 -9.332732164819728 -9.911599731240306
260 -5.076473592483235 -5.565398917305368
261 -7.757240513709848 -8.778602438889276
262 -10.3655045010061 -11.18088049258437
263 -10.83739112500418 -11.57913120863147
264 -19.01359565137772 -20.52623262519939
265 -6.425874987112327 -6.83326001694449
266 -11.49901312410772 -12.37942318045111
267 6.624959437813775 7.301124937318086
268 -1.363894126357467 -1.519214060702276
269 -7.988517415758918 -8.474516892846308
270 -4.042721129018461 -4.09664046967794
271 -9.820882316322823 -10.44205595232968
272 -1.939515877944193 -2.138598241893242
273 -17.17039469417612 -18.41775554274283
274 -3.987785684759855 -4.831908791304371
275 -3.567365541975861 -4.532652153061242
276 6.797351376916351 7.10989669127662
277 8.627730788432087 9.541777715948355
278 2.18526046545515 2.357847057395795
279 -4.943963298140506 -5.357959522251901
280 17.23579603124437 18.78037871961295
281 12.89082866225067 14.00304787343726
282 8.748919119642578 9.205201570651408
283 -1.3102611956337 -1.52880853972678
284 -3.222991134574653 -3.455754152949167
285 4.804600860671012 5.339627453231425
286 6.278260756353717 6.769312780797667
287 1.635743339689073 1.686378706638648
288 3.154120246101728 3.226944509083315
289 -1.410397594299139 -1.412800544584272
290 -0.1235708580636976 0.09906256348601257
291 3.068910785432916 3.564377537542884
292 2.557282659540983 3.181823810435644
293 9.610772292557614 10.8844879891748
294 -6.667729227225814 -7.139048874836839
295 8.344469670793083 9.057773514748247
296 -6.599888502369383 -7.199235220519573
297 3.618402028186943 3.608765458901261
298 -5.638892075502447 -5.962427596386501
299 -5.797845964231738 -6.087286647289634
300 -11.22119052778703 -12.28396827389341
