2.2364120036732231e+00
2.2364327432220295e+00
2.2359857560142204e+00
2.2361314242845296e+00
2.2370300592470884e+00
2.2367620786563984e+00
2.2362477436152086e+00
2.2362164747619935e+00
2.2364857913710838e+00
2.2363355757874372e+00
2.2363039241264495e+00
2.2362124528078979e+00
2.2373250106116194e+00
2.2359002756933748e+00
2.2364963090458341e+00
2.2365800160405764e+00
2.2366852628599481e+00
2.2365770743802900e+00
2.2365981371201809e+00
2.2366112245544469e+00
2.2367928937486821e+00
2.2363419103860713e+00
2.2363211157291243e+00
2.2360485243287860e+00
2.2364274720484625e+00
2.2368651369440280e+00
2.2367185386469646e+00
2.2360088292231799e+00
2.2367304548953464e+00
2.2363412335795472e+00
2.2369488466835263e+00
2.2367120242485110e+00
2.2365884241812357e+00
2.2363517869066785e+00
2.2361617839233352e+00
2.2366970823868266e+00
2.2369970803606698e+00
2.2367020844602270e+00
2.2366119295438134e+00
2.2364295458123755e+00
2.2358582416344439e+00
2.2358123541654917e+00
2.2362328907060376e+00
2.2369512511722860e+00
2.2363242507575989e+00
2.2360170803958597e+00
2.2364030883669423e+00
2.2368441398444951e+00
2.2355450001017334e+00
2.2361954848233641e+00
2.2365339079436901e+00
2.2360233624363572e+00
2.2365370410599459e+00
2.2359555549921293e+00
2.2362562068750313e+00
2.2366291504901525e+00
2.2367304619479822e+00
2.2368610807826981e+00
2.2368672320109759e+00
2.2356087450586530e+00
2.2361627477618788e+00
2.2370755332937478e+00
2.2363507285358022e+00
2.2362444366485317e+00
2.2360638643173365e+00
2.2366169178384832e+00
2.2364513379056836e+00
2.2366165352193308e+00
2.2361174233795413e+00
2.2363270204642149e+00
2.2362025384957893e+00
2.2366629762533266e+00
2.2359747681314768e+00
2.2367678437455800e+00
2.2365187915990790e+00
2.2361934096361957e+00
2.2369940995396176e+00
2.2368390067339758e+00
2.2360717413625544e+00
2.2369141443404899e+00
2.2363325543617827e+00
2.2369930820149215e+00
2.2368708897776006e+00
2.2367899832612506e+00
2.2363796385301482e+00
2.2362046895912324e+00
2.2365265531184471e+00
2.2362862785464022e+00
2.2361765934104758e+00
2.2367483655947944e+00
2.2365755514700840e+00
2.2369278189377608e+00
2.2361474786492259e+00
2.2367522805392035e+00
2.2363062573053716e+00
2.2370933601242369e+00
2.2362317666466294e+00
2.2362539226894125e+00
2.2360109142436326e+00
2.2369923552410191e+00
2.2360152870350190e+00
2.2357117999317775e+00
2.2365044795678632e+00
2.2368309607417616e+00
2.2367651660012822e+00
2.2362597314594890e+00
2.2375468801211542e+00
2.2367417850883093e+00
2.2364950480477512e+00
2.2368277114219732e+00
2.2368272878553728e+00
2.2362126527318611e+00
2.2365695870773230e+00
2.2362828307274549e+00
2.2372728281114891e+00
2.2363764236617678e+00
2.2366224688627447e+00
2.2368576575848982e+00
2.2370952264670798e+00
2.2366010646767562e+00
2.2361405320842560e+00
2.2364278260569304e+00
2.2364647853835558e+00
2.2368431779723812e+00
2.2364334644178876e+00
2.2360143796476235e+00
2.2364202217406621e+00
2.2362912341903494e+00
2.2364733636693521e+00
2.2354592222571590e+00
2.2363376261978716e+00
2.2357667570388338e+00
2.2360202396667028e+00
2.2361284403103161e+00
2.2368087104637815e+00
2.2369344145706846e+00
2.2366708687868631e+00
2.2360869706921749e+00
2.2361276751982708e+00
2.2361034472028205e+00
2.2369019696433128e+00
2.2361981042735968e+00
2.2373937960731234e+00
2.2364702674470669e+00
2.2363820060040815e+00
2.2364128146779190e+00
2.2357193103666937e+00
2.2362467253640115e+00
2.2365137414959655e+00
2.2365750798172637e+00
2.2367471145672706e+00
2.2362827676489978e+00
2.2356986702029982e+00
2.2357528669753162e+00
2.2360057276254479e+00
2.2367372280309383e+00
2.2365395931792120e+00
2.2364553344828946e+00
2.2362558824560783e+00
2.2370208024018217e+00
2.2370738873725124e+00
2.2368686767112882e+00
2.2359924849991244e+00
2.2362098457417581e+00
2.2362619878458472e+00
2.2368755706537264e+00
2.2363178213675816e+00
2.2364849606060742e+00
2.2367988839242083e+00
2.2363285602693428e+00
2.2360396679681562e+00
2.2374906073440370e+00
2.2369364487662660e+00
2.2365482334504438e+00
2.2367958599875051e+00
2.2361716647873102e+00
2.2358967236126017e+00
2.2363870533713355e+00
2.2364456803535684e+00
2.2369563297349240e+00
2.2366995404389063e+00
2.2361289300098193e+00
2.2362701450910323e+00
2.2362335220816369e+00
2.2372120589025974e+00
2.2364473846194750e+00
2.2365833428997108e+00
2.2359241121800841e+00
2.2366419472766621e+00
2.2358124597954965e+00
2.2362936316924436e+00
2.2360906684096324e+00
2.2360101888226724e+00
2.2370216161793262e+00
2.2366608134197330e+00
2.2357316716403779e+00
2.2363386837880506e+00
2.2363503818928061e+00
2.2362774591521681e+00
2.2364404232514103e+00
2.2364509693869299e+00
2.2356690542891884e+00
2.2368390199310371e+00
2.2365787987522219e+00
2.2358844508970641e+00
2.2367005867517755e+00
2.2357118700900034e+00
2.2362458936687624e+00
2.2363305521176229e+00
2.2352771190436429e+00
2.2370577852659621e+00
2.2371102509497480e+00
2.2372515465891105e+00
2.2376132226068033e+00
2.2368644841267686e+00
2.2369581741004398e+00
2.2369823238869411e+00
2.2360718673521287e+00
2.2358807973953567e+00
2.2362642579379184e+00
2.2356751417503720e+00
2.2364732803719076e+00
2.2361722745283275e+00
2.2359125188282545e+00
2.2360135562514638e+00
2.2357367856209276e+00
2.2368131373287454e+00
2.2371035579814915e+00
2.2363573638061576e+00
2.2363203311217212e+00
2.2361470586245868e+00
2.2360155368354819e+00
2.2361217991604896e+00
2.2371411077189776e+00
2.2359615571030211e+00
2.2358820545911398e+00
2.2362811551513424e+00
2.2365658734061680e+00
2.2364605287248791e+00
2.2364911011829185e+00
2.2365793448135287e+00
2.2363573101248426e+00
2.2358538392037128e+00
2.2355460644525484e+00
2.2360642902973997e+00
2.2369636083472790e+00
2.2370839832924063e+00
2.2372787117469692e+00
2.2357536964133771e+00
2.2367795274992939e+00
2.2369296403518470e+00
2.2362337995310924e+00
2.2363924344555586e+00
2.2364287616042815e+00
2.2364546129239811e+00
2.2361684797626977e+00
2.2361007504856762e+00
2.2360252295059073e+00
2.2356635287970783e+00
2.2355832222524032e+00
2.2359154500890379e+00
2.2360857355463590e+00
2.2360670096347661e+00
2.2369304538209036e+00
2.2363433420412955e+00
2.2372696754796051e+00
2.2367467500999028e+00
2.2366726249057507e+00
2.2368332279997585e+00
2.2369274737214164e+00
2.2361933259683107e+00
2.2357675342366785e+00
2.2362366848246404e+00
2.2360102117324332e+00
2.2362610613964291e+00
2.2364645167953783e+00
2.2362288531427685e+00
2.2369020094255667e+00
2.2359604579077805e+00
2.2364730148019079e+00
2.2368625660069750e+00
2.2371452890574930e+00
2.2369919930702156e+00
2.2359950817404206e+00
2.2362521959593011e+00
2.2364918053625122e+00
2.2350421658430046e+00
2.2366871960015287e+00
2.2362158958164451e+00
2.2373262612105655e+00
2.2363051634647548e+00
2.2361742883843179e+00
2.2354292763560109e+00
2.2362731961700733e+00
2.2362754898787376e+00
2.2371790024734119e+00
2.2357877819951959e+00
2.2369868546899765e+00
2.2371961294096816e+00
2.2368723267065413e+00
2.2370884861986533e+00
2.2365383767107172e+00
2.2363284534929098e+00
2.2363750951306796e+00
2.2365309043186596e+00
2.2362306761992126e+00
2.2368192268785418e+00
2.2361733964139034e+00
2.2363458382976833e+00
2.2364644960053757e+00
2.2367862194763526e+00
2.2356672615227096e+00
2.2365927541528494e+00
2.2368404657389678e+00
2.2366084398100963e+00
2.2369888691656681e+00
2.2365556212080744e+00
2.2367355628018659e+00
2.2365292232498182e+00
2.2358663260719873e+00
2.2369404309613654e+00
2.2363889060888362e+00
2.2369692733887629e+00
2.2368976810343022e+00
2.2365517233321142e+00
2.2366459277247075e+00
2.2365999135822734e+00
2.2359473488163544e+00
2.2366617117961232e+00
2.2362964111970238e+00
2.2369162777486014e+00
2.2366827904001680e+00
2.2357507681643618e+00
2.2362865377474255e+00
2.2367731129604933e+00
2.2363150669456586e+00
2.2368576885673650e+00
2.2363704466010388e+00
2.2372151551277000e+00
2.2363893676082185e+00
2.2352785858580813e+00
2.2362019953834955e+00
2.2357728979827196e+00
2.2361999489741957e+00
2.2363167930750216e+00
2.2367148556955376e+00
2.2364672092595921e+00
2.2363547101023085e+00
2.2377202811150743e+00
2.2365458160919585e+00
2.2360706563823087e+00
2.2365080490919595e+00
2.2358803733669017e+00
2.2365786931074920e+00
2.2369420683595695e+00
2.2358533616351974e+00
2.2366271494616927e+00
2.2363395908874799e+00
2.2364422539059206e+00
2.2359129864690797e+00
2.2360626699108983e+00
2.2360600258294094e+00
2.2353539725345044e+00
2.2364364503127572e+00
2.2369432902351920e+00
2.2369732135788452e+00
2.2361483736698120e+00
2.2370869764429897e+00
2.2363192012081075e+00
2.2361478585441783e+00
2.2360695601020537e+00
2.2365446349424007e+00
2.2364920201242531e+00
2.2370102287572498e+00
2.2364204958785132e+00
2.2363300527226313e+00
2.2369323579797840e+00
2.2374813884402847e+00
2.2364941282148290e+00
2.2361550182757988e+00
2.2362637210392640e+00
2.2361634413585794e+00
2.2370680201788398e+00
2.2367733824519829e+00
2.2368325102616042e+00
2.2364426405650648e+00
2.2364802113902500e+00
2.2367805287636875e+00
2.2369164655923250e+00
2.2361453156858797e+00
2.2357377955109969e+00
2.2372023566172756e+00
2.2361743993435570e+00
2.2363715531857209e+00
2.2368857665165240e+00
2.2368291409625205e+00
2.2361539842224079e+00
2.2363570937443544e+00
2.2365140301206248e+00
2.2367573546446371e+00
2.2366702582917148e+00
2.2357012534975222e+00
2.2365498177016905e+00
2.2367552198647842e+00
2.2373329490941498e+00
2.2365750925793555e+00
2.2365194883284807e+00
2.2365833079995783e+00
2.2372704679404123e+00
2.2356707910624953e+00
2.2367276799731091e+00
2.2380221635620230e+00
2.2362870532044239e+00
2.2370672622910881e+00
2.2360453970184357e+00
2.2368761826568844e+00
2.2366522037742089e+00
2.2365342787883846e+00
2.2365101925685575e+00
2.2367376426218617e+00
2.2364657433974977e+00
2.2363786271575976e+00
2.2362962057426965e+00
2.2360709267214620e+00
2.2362504638052654e+00
2.2357994817756928e+00
2.2361316866427057e+00
2.2364039103858815e+00
2.2352163156129876e+00
2.2364066505625408e+00
2.2364530864775354e+00
2.2363198679760306e+00
2.2360093377621881e+00
2.2358618652669850e+00
2.2356458735102982e+00
2.2355839101589905e+00
2.2357035036622355e+00
2.2361815378127998e+00
2.2358036620844284e+00
2.2372075169313952e+00
2.2369112336456913e+00
2.2367174289178946e+00
2.2357318630642511e+00
2.2365017689712743e+00
2.2362265208213175e+00
2.2364056665439147e+00
2.2359804649840074e+00
2.2373498137502894e+00
2.2364718024680768e+00
2.2355229729411801e+00
2.2358890384268850e+00
2.2362828621377782e+00
2.2365859146714544e+00
2.2364055531070064e+00
2.2363530922869632e+00
2.2362653916630473e+00
2.2369459168379349e+00
2.2365750110327993e+00
2.2363488406334677e+00
2.2364422762363456e+00
2.2359259242856622e+00
2.2360572049904293e+00
2.2354098859433167e+00
2.2360869669416474e+00
2.2365021637040190e+00
2.2369070420684167e+00
2.2363809952297609e+00
2.2368358904780448e+00
2.2364903637253311e+00
2.2364341465467219e+00
2.2367150976090402e+00
2.2355480748125762e+00
2.2369690959255895e+00
2.2361488668409431e+00
2.2361357547180902e+00
2.2366477651398649e+00
2.2373999034513390e+00
2.2363633704830002e+00
2.2360881867700648e+00
2.2358174771445496e+00
2.2363872861997525e+00
2.2363360058448443e+00
2.2358763329997688e+00
2.2363969404517707e+00
2.2362863390252694e+00
2.2361023129144884e+00
2.2354430913769203e+00
2.2362306905133451e+00
2.2358282526982487e+00
2.2368177207719895e+00
2.2363776065745808e+00
2.2365920367406829e+00
2.2366137377485287e+00
2.2361038098199288e+00
2.2359284405004183e+00
2.2359096509571583e+00
2.2355397747328269e+00
2.2364105690316114e+00
2.2364438930344681e+00
2.2361899111161794e+00
2.2365060361557587e+00
2.2360534731318187e+00
2.2364078335958677e+00
2.2359530797560678e+00
2.2364377439727483e+00
2.2367681709660565e+00
2.2376362534246828e+00
2.2356012086898911e+00
2.2369247152981111e+00
2.2360625070159079e+00
2.2371627221400656e+00
2.2356806774659166e+00
2.2366476476478323e+00
2.2363335940009059e+00
2.2369700808243991e+00
2.2369450542890230e+00
2.2369141228422560e+00
2.2364252795999988e+00
2.2355508360446823e+00
2.2364337671906624e+00
2.2359926176719016e+00
2.2365149792932386e+00
2.2360545951021291e+00
2.2361575962758176e+00
2.2363500646383994e+00
2.2368087317944894e+00
2.2362375626551869e+00
2.2369579599493354e+00
2.2359908064714999e+00
2.2362553044693789e+00
2.2362479701695821e+00
2.2364132333442375e+00
2.2359334069254535e+00
2.2364909412226517e+00
2.2363148719608996e+00
2.2368891731000260e+00
2.2365799196622809e+00
2.2370782295086422e+00
2.2372050264456913e+00
2.2373993418005083e+00
2.2361960978871123e+00
2.2370528482843617e+00
2.2361443737865021e+00
2.2361182582999337e+00
2.2364187710346148e+00
2.2363592214407544e+00
2.2363804001485956e+00
2.2360683571674871e+00
2.2368454419832986e+00
2.2366296397683612e+00
2.2361736457190879e+00
2.2365723635293708e+00
2.2359512375203408e+00
2.2363184798860565e+00
2.2365950935574599e+00
2.2363573421022642e+00
2.2362816438253939e+00
2.2361276585531820e+00
2.2375646371472588e+00
2.2357290365961147e+00
2.2376577992943720e+00
2.2357164597458716e+00
2.2362175153554782e+00
2.2362359111195746e+00
2.2359538899399096e+00
2.2371435518257003e+00
2.2371573600804870e+00
2.2371356149872241e+00
2.2361023903241475e+00
2.2361734333174303e+00
2.2372998526191106e+00
2.2368624137960658e+00
2.2365040505302236e+00
2.2367297120289944e+00
2.2365592455520211e+00
2.2367115334407930e+00
2.2363501963233081e+00
2.2367753715738421e+00
2.2358670902454283e+00
2.2371905206416001e+00
2.2362519532504890e+00
2.2358900074238850e+00
2.2371816590997722e+00
2.2366136220846307e+00
2.2367143062383450e+00
2.2357190224678773e+00
2.2370500837082883e+00
2.2361460357972227e+00
2.2366967692452291e+00
2.2356155234658996e+00
2.2363549383840176e+00
2.2370649412471391e+00
2.2358280793652412e+00
2.2368000518620015e+00
2.2358406168882135e+00
2.2362007455367081e+00
2.2364256279584933e+00
2.2365455460472794e+00
2.2360937100351883e+00
2.2362141446603276e+00
2.2369219350688647e+00
2.2373112231093946e+00
2.2363629787828012e+00
2.2361383252402933e+00
2.2372525020763314e+00
2.2363023258474022e+00
2.2363016905583071e+00
2.2360926485254771e+00
2.2361819114633699e+00
2.2365218741800912e+00
2.2370136093454618e+00
2.2372943579353657e+00
2.2359328215915428e+00
2.2362141327294101e+00
2.2370654440022113e+00
2.2368064846209608e+00
2.2365013659363617e+00
2.2366897117440674e+00
2.2371299081565543e+00
2.2363252251584074e+00
2.2365971861529399e+00
2.2367058803343718e+00
2.2359468720182356e+00
2.2356675702202300e+00
2.2363991814069020e+00
2.2368843275639398e+00
2.2362667573171424e+00
2.2366467843839422e+00
2.2360982001750318e+00
2.2363851258382765e+00
2.2356818412796255e+00
2.2361487741885839e+00
2.2366461707638683e+00
2.2370422840246253e+00
2.2363966932136501e+00
2.2370424012754433e+00
2.2365522158017863e+00
2.2358078736990361e+00
2.2363474865944086e+00
2.2356558388121726e+00
2.2359359167103343e+00
2.2359474708179850e+00
2.2363818738920256e+00
2.2367544039631673e+00
2.2372732177916301e+00
2.2360648423360465e+00
2.2367432520395378e+00
2.2361380480558335e+00
2.2369346217827046e+00
2.2367680241289896e+00
2.2362857658262154e+00
2.2363114600487384e+00
2.2362247015920000e+00
2.2367848533990395e+00
2.2366404860248705e+00
2.2368109796359210e+00
2.2368348305798280e+00
2.2360167888522757e+00
2.2366795026553481e+00
2.2374576687734371e+00
2.2366308066701976e+00
2.2358119082903203e+00
2.2357319124558339e+00
2.2355309311216116e+00
2.2364592305236446e+00
2.2361006025549655e+00
2.2358974789639205e+00
2.2370295075131823e+00
2.2364247765870511e+00
2.2357728531956358e+00
2.2367742790704828e+00
2.2357750736738793e+00
2.2357351131081664e+00
2.2369407186804322e+00
2.2362022465992188e+00
2.2365839742074276e+00
2.2360172412407788e+00
2.2361596047427805e+00
2.2368469401496465e+00
2.2362412957609288e+00
2.2364148729874094e+00
2.2358376416516084e+00
2.2363641220328319e+00
2.2367609748252435e+00
2.2359763461684499e+00
2.2369778491416588e+00
2.2370590710451652e+00
2.2360737027827482e+00
2.2362940703683378e+00
2.2361025759101869e+00
2.2370029483080676e+00
2.2356995589864934e+00
2.2371515194523619e+00
2.2355988412363930e+00
2.2367190004714015e+00
2.2359316583686093e+00
2.2365835210968723e+00
2.2363706577504674e+00
2.2364426780355600e+00
2.2367621672129920e+00
2.2364420136582961e+00
2.2369133226517626e+00
2.2369241699581814e+00
2.2362144073093244e+00
2.2361944663806352e+00
2.2360717119389264e+00
2.2367015410420392e+00
2.2355628834869874e+00
2.2368584855465916e+00
2.2365951018377546e+00
2.2354367774009152e+00
2.2370131096980557e+00
2.2368971688201040e+00
2.2357530940137433e+00
2.2364533706315681e+00
2.2370228135373331e+00
2.2366301460949076e+00
2.2362266678454432e+00
2.2363591886687111e+00
2.2365748131407037e+00
2.2365118596346503e+00
2.2356432884519868e+00
2.2357707810570728e+00
2.2368994088321270e+00
2.2372093766502696e+00
2.2364632748706645e+00
2.2357745827323678e+00
2.2362998261813822e+00
2.2357888273141997e+00
2.2361107106244353e+00
2.2358981190687488e+00
2.2365230877597826e+00
2.2366899247774992e+00
2.2357448184620110e+00
2.2362873234637042e+00
2.2367246570577830e+00
2.2360240714953954e+00
2.2364094330109743e+00
2.2361061204150503e+00
2.2359028104816598e+00
2.2357858909308224e+00
2.2360821474001327e+00
2.2365195104097753e+00
2.2361862394477439e+00
2.2363983994489001e+00
2.2365173474027489e+00
2.2368675551430779e+00
2.2366797947345662e+00
2.2361732872390925e+00
2.2362105199970310e+00
2.2366471165863522e+00
2.2357061116112060e+00
2.2362548892683591e+00
2.2364458711983315e+00
2.2362464110985378e+00
2.2368627290793577e+00
2.2365200268410903e+00
2.2356095833777916e+00
2.2358186700449938e+00
2.2366032005002370e+00
2.2364778478027527e+00
2.2366427360419405e+00
2.2362685700360130e+00
2.2358747951192139e+00
2.2360569280261764e+00
2.2364386967662586e+00
2.2367345192598318e+00
2.2364562494973650e+00
2.2364507834190843e+00
2.2362771079106563e+00
2.2360638770553498e+00
2.2367756613633456e+00
2.2369179221568070e+00
2.2365421234581930e+00
2.2368019797509020e+00
2.2360102359236449e+00
2.2358724639117922e+00
2.2374364012924248e+00
2.2363806665844579e+00
2.2364402701295818e+00
2.2367428005812271e+00
2.2355418477148867e+00
2.2368025964921712e+00
2.2370805188620015e+00
2.2361125140808467e+00
2.2366237861004818e+00
2.2368359164835869e+00
2.2355758371444336e+00
2.2363348004949279e+00
2.2370596522207680e+00
2.2365675390239232e+00
2.2358501846128012e+00
2.2368017066205010e+00
2.2362312224149057e+00
2.2365172126145918e+00
2.2368696899272802e+00
2.2363598144023324e+00
2.2368244250432090e+00
2.2360711831519970e+00
2.2360592212855672e+00
2.2353411927371005e+00
2.2357028500767044e+00
2.2357517530506139e+00
2.2364566205468175e+00
2.2360024231849809e+00
2.2361623110640529e+00
2.2364583526281749e+00
2.2363346248799880e+00
2.2363797449388212e+00
2.2365372616245969e+00
2.2373877212371234e+00
2.2367619857788332e+00
2.2365244804448090e+00
2.2365795060893312e+00
2.2368377653003000e+00
2.2365571355901026e+00
2.2371816888554839e+00
2.2365500296609020e+00
2.2366033835095616e+00
2.2365307274023953e+00
2.2360529439106145e+00
2.2362506347946391e+00
2.2363283174233977e+00
2.2355377833565195e+00
2.2369942178181788e+00
2.2358217352291270e+00
2.2362935202705976e+00
2.2364586887223257e+00
2.2366822401655333e+00
2.2360656488847477e+00
2.2362465463152268e+00
2.2366180449139463e+00
2.2369281450633594e+00
2.2363976698792238e+00
2.2372347784282756e+00
2.2363741151277896e+00
2.2369902213443753e+00
2.2367510045722545e+00
2.2360163975631573e+00
2.2365725175933666e+00
2.2362941158805931e+00
2.2366837856555093e+00
2.2364207697157710e+00
2.2365834481359799e+00
2.2362226397711771e+00
2.2361715871647787e+00
2.2364141653725569e+00
2.2363746674322260e+00
2.2360112013366744e+00
2.2360790249097873e+00
2.2361491797280322e+00
2.2362626280543560e+00
2.2373915817379717e+00
2.2361678385906236e+00
2.2364526638116673e+00
2.2359701233726792e+00
2.2372425854837417e+00
2.2363340026157150e+00
2.2367891746244450e+00
2.2358672485369935e+00
2.2355425486598657e+00
2.2369756411822195e+00
2.2365433632773972e+00
2.2368868109136888e+00
2.2360762020506839e+00
2.2367298998671292e+00
2.2359403911015279e+00
2.2366228922364892e+00
2.2368628758444555e+00
2.2362803737598957e+00
2.2361713773631919e+00
2.2365483880689379e+00
2.2368337040657380e+00
2.2355904724266575e+00
2.2359688822525738e+00
2.2359545800732170e+00
2.2368385663691472e+00
2.2364431987464970e+00
2.2369393523070733e+00
2.2363870310302030e+00
2.2365338317807200e+00
2.2362055854924487e+00
2.2362750828735645e+00
2.2363414672144324e+00
2.2371736211351392e+00
2.2361965782806807e+00
2.2368972187377114e+00
2.2366722815151743e+00
2.2361458384554478e+00
2.2366010426852632e+00
2.2363316902495329e+00
2.2355355038297930e+00
2.2363620229060208e+00
2.2364689746358324e+00
2.2364734324542708e+00
2.2365764989334278e+00
2.2358161940168695e+00
2.2363773760397239e+00
2.2367746115113762e+00
2.2366994127369342e+00
2.2358165416624498e+00
2.2366477362593846e+00
2.2365649846252511e+00
2.2358244610353450e+00
2.2372160642434586e+00
2.2365780197443943e+00
2.2365483866820197e+00
2.2364690075757871e+00
2.2358723888348178e+00
2.2370226067900800e+00
2.2362216279528755e+00
2.2365006821563096e+00
2.2365179847050056e+00
2.2364088036365093e+00
2.2370321080877318e+00
2.2364660923893802e+00
2.2364566262386547e+00
2.2370485957459780e+00
2.2366531076488250e+00
2.2365655657775068e+00
2.2369141886974346e+00
2.2364060358655271e+00
2.2367888125999098e+00
2.2363696928063921e+00
2.2367346924550184e+00
2.2360074092178279e+00
2.2360877036950737e+00
2.2360366335658348e+00
2.2360833960442967e+00
2.2356405405775575e+00
2.2362223682813047e+00
2.2362386306784856e+00
2.2359417823893764e+00
2.2361174860122857e+00
2.2364027211391209e+00
2.2364692886388409e+00
2.2363434941374600e+00
2.2375723058243224e+00
2.2366658735257920e+00
2.2358893261863764e+00
2.2365453180305059e+00
2.2360160159830729e+00
2.2360466368309888e+00
2.2368111489870754e+00
2.2365645698426273e+00
2.2363671328920462e+00
2.2368757188912403e+00
2.2363565978254853e+00
2.2357950728295508e+00
2.2361601881427262e+00
2.2362796095787432e+00
2.2366000816617180e+00
2.2364776998863398e+00
2.2360909940888996e+00
2.2361991404370318e+00
2.2361775782674509e+00
2.2362723551467205e+00
2.2367730605822937e+00
2.2367037849720122e+00
2.2361855517905682e+00
2.2368336350549760e+00
2.2362641745860272e+00
2.2367543190227970e+00
2.2368971272710443e+00
2.2359378696995229e+00
2.2366311951757876e+00
2.2363030643379886e+00
2.2361043797944120e+00
2.2366922405786482e+00
2.2358913152403725e+00
2.2357295844188694e+00
2.2362435150036584e+00
2.2366011187713584e+00
2.2360703234307779e+00
2.2362069092243035e+00
2.2369218717348418e+00
2.2365597846657148e+00
2.2367750400944515e+00
2.2363537987228694e+00
2.2363799318730906e+00
2.2365695390652238e+00
2.2367739083098344e+00
2.2365513067710059e+00
2.2360366708758828e+00
2.2359573434698374e+00
2.2364118226889174e+00
2.2367853869365915e+00
2.2363276081897361e+00
2.2365192980246733e+00
2.2367459370746143e+00
2.2363398891157500e+00
2.2355446013732019e+00
2.2355716277616566e+00
2.2356738138153474e+00
2.2361122302948413e+00
2.2362785442593034e+00
2.2368475736617381e+00
2.2363184246502041e+00
2.2367851771551988e+00
2.2364715462794549e+00
2.2357079358026617e+00
2.2367823150154242e+00
2.2369457780333364e+00
2.2359630760646625e+00
2.2360252596000270e+00
2.2354937517715494e+00
2.2370490673675438e+00
2.2358252289655915e+00
2.2367709951943286e+00
2.2349877719427513e+00
2.2362312589748643e+00
2.2366151325582218e+00
2.2364860798954238e+00
2.2358241408030373e+00
2.2375887570233099e+00
2.2365464643481481e+00
2.2362961118356965e+00
2.2361616508622757e+00
2.2359319542252489e+00
2.2367976922901733e+00
2.2362193648077455e+00
2.2372071498349291e+00
2.2360576963434715e+00
2.2367714071268554e+00
2.2362311649340438e+00
2.2363586420336463e+00
2.2361242825741563e+00
2.2360783726261491e+00
2.2367748379433601e+00
2.2366385698229365e+00
2.2363345761191322e+00
2.2363190741569103e+00
2.2362602374750917e+00
2.2371507752681734e+00
2.2369684485031378e+00
2.2358205009733139e+00
2.2368879337589180e+00
2.2363033887571295e+00
2.2364870001970587e+00
2.2365644602237365e+00
2.2357577204791115e+00
2.2364272946207384e+00
2.2358765626005255e+00
2.2364942238576062e+00
2.2359608170637837e+00
2.2360836203952412e+00
2.2364191688959298e+00
2.2359494038956944e+00
2.2350963174684937e+00
2.2363027049459792e+00
2.2361704999673950e+00
2.2363609529408266e+00
2.2358468990403626e+00
2.2363176606337882e+00
2.2369481501577142e+00
2.2360121662481194e+00
2.2363813690967955e+00
2.2360449292195641e+00
2.2367554659756084e+00
2.2365842830855089e+00
2.2354209174832200e+00
2.2365080875849301e+00
2.2360722821950714e+00
2.2359878904102595e+00
2.2367304315056082e+00
2.2361289951779315e+00
2.2357215257150664e+00
2.2358354112472418e+00
2.2370383866941221e+00
2.2368630558965767e+00
2.2360180397494656e+00
2.2368715161547947e+00
2.2361516324459498e+00
2.2371050701039019e+00
2.2368834681817775e+00
2.2363817794084753e+00
2.2363358306478598e+00
2.2359174866731073e+00
2.2371705168049822e+00
2.2362627850364620e+00
2.2368077161111524e+00
2.2369448650837236e+00
2.2365251142753180e+00
2.2360360372222758e+00
2.2357314727754720e+00
2.2365223872175566e+00
2.2367070841082506e+00
2.2363820708656714e+00
2.2366282331212677e+00
2.2365257554069569e+00
2.2359039951912973e+00
2.2363414091160241e+00
2.2368807603835874e+00
2.2369917937748358e+00
2.2367570104137759e+00
2.2364268475943252e+00
2.2360274951169599e+00
2.2362747470238906e+00
2.2368583505573620e+00
2.2370036163441021e+00
2.2368619639958838e+00
2.2357339719867362e+00
2.2369513679374369e+00
2.2367557603161337e+00
2.2366228589027601e+00
2.2365439478676805e+00
2.2364418465653273e+00
2.2365305854178485e+00
2.2362459589029360e+00
2.2364080016082815e+00
2.2358153100407208e+00
2.2367477720562512e+00
2.2359267429810465e+00
2.2364042727990774e+00
2.2356959166330159e+00
2.2362684311951919e+00
2.2364171026363362e+00
2.2358030714655333e+00
2.2363188927132889e+00
2.2365696250179834e+00
2.2359485038384785e+00
2.2359086238375583e+00
2.2363592016653784e+00
2.2367417165354522e+00
2.2356820359549152e+00
2.2358576799650329e+00
2.2363470278070303e+00
2.2371324135508646e+00
2.2360258986390242e+00
2.2364697228131840e+00
2.2358838872379558e+00
2.2367704014703684e+00
2.2364293318632598e+00
2.2370143292371876e+00
2.2363407524249350e+00
2.2365301667239050e+00
2.2364062279689696e+00
2.2362881894625231e+00
2.2369389194163563e+00
2.2361852065428200e+00
2.2360970426160938e+00
2.2360337522892269e+00
2.2363710615212962e+00
2.2365844394337153e+00
2.2371901066979962e+00
2.2366809362063504e+00
2.2365604705143225e+00
2.2364638017536493e+00
2.2359851210693624e+00
2.2360897188383020e+00
2.2357046077186746e+00
2.2366802722290919e+00
2.2360703117153413e+00
2.2366064642710746e+00
2.2358527934496490e+00
2.2363601730472729e+00
2.2368138054454985e+00
2.2357469760663551e+00
2.2363154916106827e+00
2.2359825208313890e+00
2.2354517712431399e+00
2.2368217642377268e+00
2.2359614351881061e+00
2.2358127136004899e+00
2.2370698920880070e+00
2.2366242652192301e+00
2.2361431189208649e+00
2.2361566221539899e+00
2.2362430665884774e+00
2.2365326139977761e+00
2.2360048078743184e+00
2.2365668906372287e+00
2.2362890729496883e+00
2.2358339435228043e+00
2.2368056126682010e+00
2.2362918691925335e+00
2.2365769407624079e+00
2.2364336775135700e+00
2.2358475471603088e+00
2.2356472482397143e+00
2.2369241271502958e+00
2.2364219087461477e+00
2.2372608153991029e+00
2.2361790797931937e+00
2.2366435766115522e+00
2.2360228008332750e+00
2.2371346358248774e+00
2.2352902841280478e+00
2.2366647875175798e+00
2.2368524704123574e+00
2.2365667656077872e+00
2.2366693711214487e+00
2.2367759606651623e+00
2.2360216987795689e+00
2.2364946089898203e+00
2.2366370426226663e+00
2.2355699938386149e+00
2.2358592758422993e+00
2.2367863907056371e+00
2.2360624568043170e+00
2.2366961109628201e+00
2.2373472685910407e+00
2.2363898524272985e+00
2.2353737820785007e+00
2.2360374901016731e+00
2.2365954792130962e+00
2.2363003074218679e+00
2.2360647450857805e+00
2.2368157294961697e+00
2.2364014970948909e+00
2.2366485328096672e+00
2.2368805658773949e+00
2.2358754752508023e+00
2.2370539274801535e+00
2.2367472174428356e+00
2.2361499371675762e+00
2.2363693561450546e+00
2.2363482793986997e+00
2.2368048486483922e+00
2.2363123722124358e+00
2.2369605537442041e+00
2.2363245828902447e+00
2.2364906380647605e+00
2.2368850918836554e+00
2.2367935126440543e+00
2.2363327378737017e+00
2.2363502230758368e+00
2.2364131518054045e+00
2.2368381666806108e+00
2.2361554851542231e+00
2.2365412566085405e+00
2.2364300065888378e+00
2.2371083759029426e+00
2.2364091566984712e+00
2.2363151989053702e+00
2.2354886177516442e+00
2.2364850272781185e+00
2.2369434347917725e+00
2.2358733318777113e+00
2.2357834702885104e+00
2.2369923339073852e+00
2.2366910523530126e+00
2.2371916331905832e+00
2.2366002950016850e+00
2.2374122717140636e+00
2.2357568451537024e+00
2.2366140299610278e+00
2.2360854289541319e+00
2.2365678417588111e+00
2.2361793571182895e+00
2.2372595986362636e+00
2.2370534242270952e+00
2.2352809199693784e+00
2.2360541281621185e+00
2.2363136263767895e+00
2.2360416251516435e+00
2.2360836905983947e+00
2.2362318987559604e+00
2.2364493444497673e+00
2.2361439281680613e+00
2.2365242060696371e+00
2.2359914637684319e+00
2.2356187871170152e+00
2.2361161217353716e+00
2.2355660167085993e+00
2.2361664382023543e+00
2.2367249766157689e+00
2.2363384197710876e+00
2.2369272393828101e+00
2.2365730011962528e+00
2.2362690241655292e+00
2.2358198843786008e+00
2.2361707644234632e+00
2.2355156411063630e+00
2.2369509542332873e+00
2.2357110825889328e+00
2.2368442556493324e+00
2.2361047260449376e+00
2.2369966239933872e+00
2.2362502391995491e+00
2.2367096765277403e+00
2.2361486524792866e+00
2.2366556197203025e+00
2.2365861800962055e+00
2.2368433819621161e+00
2.2366788338356729e+00
2.2358941079442158e+00
2.2357139625219595e+00
2.2358016481500531e+00
2.2370629173138754e+00
2.2364656729388099e+00
2.2364482295133663e+00
2.2366747002381229e+00
2.2361877583426573e+00
2.2367465960520874e+00
2.2360288239886343e+00
2.2359937845743145e+00
2.2356710271261946e+00
2.2358203859241379e+00
2.2370056548267145e+00
2.2364278196420666e+00
2.2360367605124774e+00
2.2365619732120168e+00
2.2358640280837263e+00
2.2344939221224407e+00
2.2360941419024036e+00
2.2364611113965376e+00
2.2362142943231604e+00
2.2362182264545036e+00
2.2368036428161040e+00
2.2359791622705067e+00
2.2363327531534609e+00
2.2362454778215781e+00
2.2373250539176923e+00
2.2369589434327533e+00
2.2365397147772463e+00
2.2364399396642636e+00
2.2360787125736339e+00
2.2368229726409883e+00
2.2361575201263295e+00
2.2364130916516713e+00
2.2361667191291144e+00
2.2364835970665280e+00
2.2364226847666635e+00
2.2362409490672182e+00
2.2366930911053835e+00
2.2363165199979074e+00
2.2358815699507613e+00
2.2365358630925996e+00
2.2361817018019510e+00
2.2360912755893265e+00
2.2364823018270985e+00
2.2372404752171815e+00
2.2361474990362922e+00
2.2362831837847010e+00
2.2367414116594238e+00
2.2362702266058396e+00
2.2361383721944188e+00
2.2367651935654096e+00
2.2373760103714853e+00
2.2360520252929845e+00
2.2358966776699227e+00
2.2364141826937218e+00
2.2365457010431191e+00
2.2363005941454079e+00
2.2367691649877290e+00
2.2370163897040785e+00
2.2359846956590670e+00
2.2356506140970049e+00
2.2363117776976709e+00
2.2368959553612182e+00
2.2361603140395889e+00
2.2364065776344817e+00
2.2368244441396556e+00
2.2370820241851117e+00
2.2370384301132518e+00
2.2357166064588032e+00
2.2358994864382971e+00
2.2366399030354231e+00
2.2365609011101721e+00
2.2362554471955103e+00
2.2358681485297449e+00
2.2358814039870833e+00
2.2366463764473883e+00
2.2363495450864534e+00
2.2368993047187007e+00
2.2362950641108781e+00
2.2359932684321207e+00
2.2366199276167489e+00
2.2358871346231273e+00
2.2360098296396957e+00
2.2357884994420298e+00
2.2364078904661411e+00
2.2367025350166787e+00
2.2358286243009600e+00
2.2366306947673271e+00
2.2362765971570400e+00
2.2362655919721663e+00
2.2364847768063529e+00
2.2360134935809639e+00
2.2362878492009588e+00
2.2364982221738496e+00
2.2361078010477358e+00
2.2357993119165980e+00
2.2367843720592657e+00
2.2364039523139931e+00
2.2359869058902815e+00
2.2363138047017572e+00
2.2360300686507908e+00
2.2361955577431956e+00
2.2357152734844878e+00
2.2366589006830413e+00
2.2364789824374465e+00
2.2358285763702614e+00
2.2366484817037802e+00
2.2370073218402360e+00
2.2365374561669582e+00
2.2366180805265117e+00
2.2364395033930236e+00
2.2359629125173739e+00
2.2364941376711736e+00
2.2361133571868828e+00
2.2363432836766521e+00
2.2363253210661282e+00
2.2360197169374896e+00
2.2360422761398513e+00
2.2370877416959956e+00
2.2361519762575690e+00
2.2366071443343079e+00
2.2352634169582464e+00
2.2365678926278121e+00
2.2367189424723275e+00
2.2359554934992412e+00
2.2358651938298730e+00
2.2364230409563111e+00
2.2362882614657238e+00
2.2355585951162715e+00
2.2365133184040538e+00
2.2359240591858978e+00
2.2361199572801378e+00
2.2357102761182706e+00
2.2364211908522598e+00
2.2357539292976982e+00
2.2362163344205372e+00
2.2360442106598795e+00
2.2363881856712737e+00
2.2375145078846659e+00
2.2363902008588834e+00
2.2369469127219332e+00
2.2368654049396475e+00
2.2359680967768161e+00
2.2359484969129380e+00
2.2361297990491429e+00
2.2367916177472651e+00
2.2369752572597452e+00
2.2360820774235890e+00
2.2364338165509206e+00
2.2358614359872133e+00
2.2363363138290318e+00
2.2365696282637257e+00
2.2365669462881690e+00
2.2367362102317800e+00
2.2367625361380949e+00
2.2355580416791661e+00
2.2370167170700288e+00
2.2364150333196524e+00
2.2356393895834179e+00
2.2362953438428890e+00
2.2361525335975085e+00
2.2364016559975171e+00
2.2370913855067145e+00
2.2368983218093303e+00
2.2366247900222507e+00
2.2364718552138840e+00
2.2362686115260586e+00
2.2362851801391033e+00
2.2367209996229485e+00
2.2365044394374869e+00
2.2365448485327954e+00
2.2362530889407384e+00
2.2356366585149132e+00
2.2368094659975557e+00
2.2363028518697674e+00
2.2361946828252792e+00
2.2364485378382861e+00
2.2369032503604416e+00
2.2371576123566910e+00
2.2360541502798368e+00
2.2358475996813718e+00
2.2363833375199609e+00
2.2362313477906621e+00
2.2362921543132201e+00
2.2360853419977667e+00
2.2356217985934692e+00
2.2360435924347568e+00
2.2363250488458672e+00
2.2362416172094841e+00
2.2367712274211740e+00
2.2366264600938739e+00
2.2362074355407957e+00
2.2360686591026693e+00
2.2353169577199972e+00
2.2365498579315775e+00
2.2369127686978305e+00
2.2354655015171119e+00
2.2360339718970250e+00
2.2370100316296488e+00
2.2362266514750213e+00
2.2365176966519114e+00
2.2362553882509064e+00
2.2363862767531475e+00
2.2370252157418631e+00
2.2363587124731676e+00
2.2363507825358155e+00
2.2360575752744674e+00
2.2356942880526178e+00
2.2357914262244463e+00
2.2366215013456130e+00
2.2355081125499381e+00
2.2363341582876797e+00
2.2367298211309770e+00
2.2366535061399966e+00
2.2354097657288152e+00
2.2359130483172689e+00
2.2359854133210013e+00
2.2362305495055694e+00
2.2366079871091258e+00
2.2365495377716371e+00
2.2361198677336418e+00
2.2365447772795730e+00
2.2367145875910950e+00
2.2363622859253076e+00
2.2365307991142003e+00
2.2362690567985060e+00
2.2362573605903755e+00
2.2359057599884822e+00
2.2362176792363830e+00
2.2363775620296926e+00
2.2362104033941335e+00
2.2358343631975672e+00
2.2361876988590215e+00
2.2364038254668577e+00
2.2364281264409862e+00
2.2362939979736756e+00
2.2365671763872657e+00
2.2367454398477213e+00
2.2356007260270774e+00
2.2351758159500847e+00
2.2366236764993093e+00
2.2366231005110673e+00
2.2368499366292123e+00
2.2372902403439570e+00
2.2368486344899603e+00
2.2366340081135907e+00
2.2366600657293016e+00
2.2358718623607130e+00
2.2371698792269283e+00
2.2363714161403538e+00
2.2364069276906648e+00
2.2360619519953278e+00
2.2364895267733060e+00
2.2363260138141769e+00
2.2364078336844018e+00
2.2364515304577277e+00
2.2368919880226321e+00
2.2366081204563506e+00
2.2359336578080233e+00
2.2358483354782228e+00
2.2356162513825759e+00
2.2360626091418556e+00
2.2363107160941649e+00
2.2363984589818311e+00
2.2363926830100072e+00
2.2358084399520752e+00
2.2359533636233744e+00
2.2362181440988622e+00
2.2362054332735095e+00
2.2364305967241980e+00
2.2367394682666077e+00
2.2361570323016666e+00
2.2365610376903762e+00
2.2355365347778662e+00
2.2361659756999845e+00
2.2356004101031717e+00
2.2366160072761132e+00
2.2366667943593042e+00
2.2368082186800824e+00
2.2363146007161179e+00
2.2360159401587869e+00
2.2363455266400654e+00
2.2373970866505761e+00
2.2361538241687091e+00
2.2365359459147349e+00
2.2356122295864660e+00
2.2359087744206221e+00
2.2373486081234621e+00
2.2368550374750829e+00
2.2364359639832125e+00
2.2363362611809707e+00
2.2358460701441443e+00
2.2360946515256703e+00
2.2364040121276512e+00
2.2358259863454379e+00
2.2360720723375302e+00
2.2364461316479942e+00
2.2358335398874862e+00
2.2363478192048709e+00
2.2370657654701604e+00
2.2361580328425266e+00
2.2356611148333836e+00
2.2367159116052129e+00
2.2363479847874341e+00
2.2359062116228445e+00
2.2361913901666375e+00
2.2365333696738032e+00
2.2367272654621675e+00
2.2363771683407667e+00
2.2364009688204565e+00
2.2361886237754400e+00
2.2366955273467108e+00
2.2368686688574959e+00
2.2364466008247939e+00
2.2358917652267034e+00
2.2358275207563127e+00
2.2367911589739631e+00
2.2363073626866425e+00
2.2363833460363343e+00
2.2362019782894458e+00
2.2363057850332537e+00
2.2369686041092840e+00
2.2359610905880176e+00
2.2360681410335372e+00
2.2363138202674437e+00
2.2357191818284976e+00
2.2358424895038649e+00
2.2354633534758270e+00
2.2359799447009157e+00
2.2371430640634498e+00
2.2362568941740291e+00
2.2367343241026441e+00
2.2364439596424428e+00
2.2361328666277243e+00
2.2366730334551463e+00
2.2361596484958923e+00
2.2367236208986383e+00
2.2363623309330500e+00
2.2360345732693219e+00
2.2361448022945187e+00
2.2361863420927914e+00
2.2362044200076965e+00
2.2367026423613625e+00
2.2368353159348136e+00
2.2365461207155604e+00
2.2359272777235861e+00
2.2359730619682523e+00
2.2368568484882525e+00
2.2366566708987561e+00
2.2361287915400396e+00
2.2369003694320782e+00
2.2372143751362037e+00
2.2369335725404254e+00
2.2360900543881206e+00
2.2359963352954821e+00
2.2364150299855785e+00
2.2360691114208309e+00
2.2357117575003684e+00
2.2367011576400846e+00
2.2359376630528458e+00
2.2361792650056955e+00
2.2357667580310596e+00
2.2357074340571246e+00
2.2365929734883960e+00
2.2362979908681493e+00
2.2364849771158100e+00
2.2363361241208031e+00
2.2365687573564612e+00
2.2361635436176726e+00
2.2357610907157661e+00
2.2363027330107532e+00
2.2354577246784291e+00
2.2367871605944867e+00
2.2364906963903790e+00
2.2370117886278846e+00
2.2356861467979483e+00
2.2363823086892411e+00
2.2370005016859738e+00
2.2361610473158025e+00
2.2363528591186221e+00
2.2363547382900490e+00
2.2363254800883339e+00
2.2366054779438516e+00
2.2360481057938344e+00
2.2373628490415958e+00
2.2371731530536176e+00
2.2364674775906650e+00
2.2361544402725624e+00
2.2361594636252851e+00
2.2365593134348374e+00
2.2365472099880446e+00
2.2367544263144032e+00
2.2363449755990064e+00
2.2363191412774532e+00
2.2362012519374859e+00
2.2362097865842223e+00
2.2359212033898115e+00
2.2361589020844646e+00
2.2362849978312682e+00
2.2364898770474992e+00
2.2359464095255834e+00
2.2354965689718673e+00
2.2372606137376780e+00
2.2359133115072698e+00
2.2362252923628780e+00
2.2355389869321605e+00
2.2370840381165151e+00
2.2365490895006785e+00
2.2358166375855952e+00
2.2368520604579896e+00
2.2364613267670514e+00
2.2360978026401144e+00
2.2362100049413192e+00
2.2364445222555283e+00
2.2370099125585812e+00
2.2368057968183930e+00
2.2359739715657545e+00
2.2364150889912175e+00
2.2360592720740660e+00
2.2368416407913361e+00
2.2361399784451743e+00
2.2365080807063462e+00
2.2365421035174649e+00
2.2367365149444582e+00
2.2363366069120110e+00
2.2366695811679320e+00
2.2363676712842193e+00
2.2352885140449672e+00
2.2361142723709113e+00
2.2360153044960480e+00
2.2357911720281902e+00
2.2368246905613351e+00
2.2360548758446606e+00
2.2363339381467737e+00
2.2364174596095352e+00
2.2356081959061078e+00
2.2359961690702073e+00
2.2360532719401514e+00
2.2355611632954999e+00
2.2360747340859777e+00
2.2356496884583605e+00
2.2365802299475694e+00
2.2366156667423303e+00
2.2365341490084663e+00
2.2371113956576822e+00
2.2362268994490675e+00
2.2376622405253035e+00
2.2360401175766236e+00
2.2359981408465415e+00
2.2367688477229208e+00
2.2366363588634925e+00
2.2364259448535133e+00
2.2362569080419559e+00
2.2363299507835079e+00
2.2368159423248621e+00
2.2362080035136973e+00
2.2363911635189568e+00
2.2369894882707531e+00
2.2366840336099543e+00
2.2365743744231064e+00
2.2365513728283752e+00
2.2362971240186096e+00
2.2357580810809012e+00
2.2364394371178373e+00
2.2360597061715017e+00
2.2362133264807489e+00
2.2362662724505662e+00
2.2366927061460320e+00
2.2354608985174020e+00
2.2365104768209858e+00
2.2363319423841284e+00
2.2359524971558913e+00
2.2357571453916054e+00
2.2374572660120640e+00
2.2364090090327906e+00
2.2360644254235096e+00
2.2361357718537773e+00
2.2358809328071758e+00
2.2355992494947259e+00
2.2367501131011611e+00
2.2365900242650221e+00
2.2365419556425667e+00
2.2371273467830224e+00
2.2376997488289048e+00
2.2367386042007222e+00
2.2359693163589531e+00
2.2366427021089494e+00
2.2370360086607755e+00
2.2360538882240855e+00
2.2360437346589324e+00
2.2368517932541319e+00
2.2362364012656544e+00
2.2358860982012114e+00
2.2356623914231730e+00
2.2355937993023294e+00
2.2362945271325048e+00
2.2369460547281350e+00
2.2373269086900942e+00
2.2358987771342074e+00
2.2364014966116743e+00
2.2366811305312959e+00
2.2354595403188520e+00
2.2365305061355354e+00
2.2364254067143481e+00
2.2357057109541407e+00
2.2365223930145839e+00
2.2365535910146148e+00
2.2364901181922390e+00
2.2359349491304243e+00
2.2364680858283967e+00
2.2356081098547285e+00
2.2363794075377315e+00
2.2364654701781044e+00
2.2363959630938095e+00
2.2359897988011759e+00
2.2360204487951085e+00
2.2362581567691313e+00
2.2350494477816012e+00
2.2363092479152082e+00
2.2370948145255922e+00
2.2369212812475210e+00
2.2362962300404683e+00
2.2363056130129864e+00
2.2360808774885816e+00
2.2362219078729670e+00
2.2358176459807302e+00
2.2362259278450636e+00
2.2357680933917070e+00
2.2372904519443351e+00
2.2361408478250122e+00
2.2364027603570586e+00
2.2367085582463968e+00
2.2379964755394743e+00
2.2356713982306760e+00
2.2359086328158173e+00
2.2358510280738426e+00
2.2364916677192821e+00
2.2358420362743074e+00
2.2361684963725734e+00
2.2367834100848674e+00
2.2361204428480872e+00
2.2360974306411543e+00
2.2370158390151729e+00
2.2363958525976968e+00
2.2367349784046522e+00
2.2369571060880329e+00
2.2361337627603031e+00
2.2368081122001411e+00
2.2358873846472527e+00
2.2360349344048367e+00
2.2366360196564212e+00
2.2363782143771798e+00
2.2364321465999053e+00
2.2361293519985401e+00
2.2365875205571695e+00
2.2367194563851656e+00
2.2359512432618640e+00
2.2356798799530133e+00
2.2372355994673563e+00
2.2362861367649716e+00
2.2374068765248851e+00
2.2368306066337373e+00
2.2356395680360261e+00
2.2361767200342051e+00
2.2369477762081864e+00
2.2359842310165283e+00
2.2366909109049491e+00
2.2369808342284134e+00
2.2367823173658801e+00
2.2368412329163645e+00
2.2363601904043957e+00
2.2357034512712191e+00
2.2363967389950261e+00
2.2370644069181158e+00
2.2356816344666419e+00
2.2358935946438363e+00
2.2354085787673790e+00
2.2357962301594294e+00
2.2372252988436996e+00
2.2360380214286595e+00
2.2361447245657984e+00
2.2362478150812133e+00
2.2374803626981254e+00
2.2357916574531420e+00
2.2364756919765503e+00
2.2361912262705048e+00
2.2365803408722549e+00
2.2366919805265755e+00
2.2366827126450399e+00
2.2361378917699342e+00
2.2364147867590947e+00
2.2363598104060531e+00
2.2360657056386217e+00
2.2364754421589526e+00
2.2364449244856872e+00
2.2358275978797018e+00
2.2368966787577467e+00
2.2360277930414658e+00
2.2364630249316013e+00
2.2371579440016132e+00
2.2363408086774919e+00
2.2365294201732366e+00
2.2366195518229586e+00
2.2365481736030364e+00
2.2368255252095435e+00
2.2366470930623898e+00
2.2362614630255808e+00
2.2357687564894149e+00
2.2369243693038476e+00
2.2366612998319053e+00
2.2367480452720785e+00
2.2363119873069786e+00
2.2359148769569641e+00
2.2362059572578024e+00
2.2365326771612564e+00
2.2368352064928199e+00
2.2357315218791949e+00
2.2366478534041478e+00
2.2361896830580283e+00
2.2351699073063638e+00
2.2370434400813748e+00
2.2362605109460203e+00
2.2362976022947145e+00
2.2368636201973433e+00
2.2362752104377099e+00
2.2375966333311994e+00
2.2358251827599132e+00
2.2365567352969258e+00
2.2373989620103858e+00
2.2369684461424435e+00
2.2360236907555473e+00
2.2359227102814874e+00
2.2368061332230083e+00
2.2378362389219273e+00
2.2364342099563239e+00
2.2353864096922433e+00
2.2356952303620843e+00
2.2367959683280128e+00
2.2372011894955337e+00
2.2360230020143557e+00
2.2367667292414999e+00
2.2368736576086823e+00
2.2364870978447406e+00
2.2360513731597593e+00
2.2368022966565451e+00
2.2364535571634336e+00
2.2364513142770890e+00
2.2364363195641710e+00
2.2363935169632043e+00
2.2364356728142312e+00
2.2357720713080642e+00
2.2366876685769959e+00
2.2362147352525810e+00
2.2362045700823372e+00
2.2366920129128611e+00
2.2361902267151716e+00
2.2366979177395057e+00
2.2363106450565229e+00
2.2367471457846473e+00
2.2364921772048678e+00
2.2354848008660047e+00
2.2367494988977819e+00
2.2368322840893913e+00
2.2371640596021494e+00
2.2362825749552773e+00
2.2364848382235203e+00
2.2363204438775490e+00
2.2364700147319616e+00
2.2365745247931721e+00
2.2365133770881678e+00
2.2363874581585406e+00
2.2362025417129345e+00
2.2361189483020016e+00
2.2357495745655647e+00
2.2359330145591443e+00
2.2364956656006103e+00
2.2361965162597537e+00
2.2362954725618884e+00
2.2370515549659786e+00
2.2369841532933643e+00
2.2355843199884373e+00
2.2364408285188704e+00
2.2365083930992609e+00
2.2366266322573782e+00
2.2361366955313606e+00
2.2360460016543455e+00
2.2366656664282210e+00
2.2370134673941218e+00
2.2366553783363545e+00
2.2363706277519375e+00
2.2364534355253034e+00
2.2371923482545766e+00
2.2365493682503734e+00
2.2366102378430766e+00
2.2361749939111033e+00
2.2362270244710398e+00
2.2367915758385721e+00
2.2374480753288926e+00
2.2355426641821645e+00
2.2360749929940882e+00
2.2367670713990431e+00
2.2362498570122842e+00
2.2357959482592817e+00
2.2367224992576524e+00
2.2368492771149331e+00
2.2368424458777461e+00
2.2366991730314933e+00
2.2366166445155731e+00
2.2366156835383530e+00
2.2361015500488817e+00
2.2363862024577092e+00
2.2358919156410817e+00
2.2365378121717021e+00
2.2360498417357277e+00
2.2366783021996746e+00
2.2368241527694588e+00
2.2368890464859326e+00
2.2363066539735135e+00
2.2374108223459390e+00
2.2364780524688626e+00
2.2369473271672882e+00
2.2357934940242914e+00
2.2360621328665342e+00
2.2363266965509725e+00
2.2355989025537713e+00
2.2361042608950936e+00
2.2372506042733380e+00
2.2365083786058642e+00
2.2364242081505359e+00
2.2369186755651094e+00
2.2367232141675748e+00
2.2370123013571863e+00
2.2367169122427799e+00
2.2359424320905745e+00
2.2359654293100970e+00
2.2367959597241054e+00
2.2370049226753674e+00
2.2359545828093941e+00
2.2365470418532669e+00
2.2361620548832093e+00
2.2370416369454214e+00
2.2365192369607927e+00
2.2361021043687579e+00
2.2359436093135021e+00
2.2370223163973231e+00
2.2368253401532230e+00
2.2371117323075325e+00
2.2367052621817223e+00
2.2369480199673033e+00
2.2366536056694595e+00
2.2359742437604431e+00
2.2360288708513161e+00
2.2357740928215790e+00
2.2361860375402758e+00
2.2364849967444540e+00
2.2359015968105882e+00
2.2364664150156535e+00
2.2364654963375812e+00
2.2361861558580265e+00
2.2362820596546813e+00
2.2360894523616817e+00
2.2367005866393193e+00
2.2359831094049625e+00
2.2366755833876795e+00
2.2364393220764258e+00
2.2366636679846290e+00
2.2368289757912310e+00
2.2360160629384871e+00
2.2366604005884771e+00
2.2360116914479575e+00
2.2358977840696426e+00
2.2368560854917958e+00
2.2358586987099480e+00
2.2368688998895077e+00
2.2361259421751902e+00
2.2357392392727422e+00
2.2351821093553448e+00
2.2365887319825970e+00
2.2363575611231004e+00
2.2362878052617829e+00
2.2359647432977954e+00
2.2371672954711399e+00
2.2367645190296335e+00
2.2371597257755425e+00
2.2364496839125869e+00
2.2367490690896199e+00
2.2365131578415793e+00
2.2363146598648465e+00
2.2370489414491073e+00
2.2358775371077191e+00
2.2366488416402359e+00
2.2366351366668029e+00
2.2360557295544901e+00
2.2372650489139079e+00
2.2357182930778099e+00
2.2365076040605452e+00
2.2359504855899566e+00
2.2365106445884635e+00
2.2363307731742084e+00
2.2364521383275293e+00
2.2357425890487681e+00
2.2364092596547542e+00
2.2357260293785552e+00
2.2363600726226007e+00
2.2362726932315962e+00
2.2358438186904523e+00
2.2360861238310012e+00
2.2358398289683081e+00
2.2362731698689662e+00
2.2365919332363311e+00
2.2370744655033756e+00
2.2351702995262022e+00
2.2365121683015223e+00
2.2356940091876623e+00
2.2355231573759036e+00
2.2363173098416391e+00
2.2357422527597208e+00
2.2360362472136144e+00
2.2353859942699095e+00
2.2367943438533784e+00
2.2361341171218498e+00
2.2362359948113468e+00
2.2360416636966680e+00
2.2361617224487418e+00
2.2360455671759785e+00
2.2365030844229894e+00
2.2363918170764081e+00
2.2362185831807961e+00
2.2357505425499618e+00
2.2358882385050820e+00
2.2370242668989526e+00
2.2373827094500109e+00
2.2371002404435143e+00
2.2368656631171469e+00
2.2368285400492964e+00
2.2355402583671551e+00
2.2364732183060698e+00
2.2365431575375250e+00
2.2361942469342986e+00
2.2367158284338573e+00
2.2364285713652765e+00
2.2361132159084924e+00
2.2370461087993347e+00
2.2354745780161904e+00
2.2375822765255755e+00
2.2363297370898647e+00
2.2358948386664412e+00
2.2366747724110181e+00
2.2360945339662277e+00
2.2363735929354687e+00
2.2366759473438722e+00
2.2359934291695263e+00
2.2368250113457453e+00
2.2359588578190377e+00
2.2362333433326769e+00
2.2357486878099047e+00
2.2365676952883469e+00
2.2363033402083179e+00
2.2359375102786725e+00
2.2364738764573837e+00
2.2364186555886865e+00
2.2365086450936040e+00
2.2367787301768729e+00
2.2363406939457247e+00
2.2362087675424962e+00
2.2360059132190098e+00
2.2366013305382113e+00
2.2363086512096269e+00
2.2359725371726382e+00
2.2366656977891575e+00
2.2360191834575467e+00
2.2366656699998155e+00
2.2370940852299910e+00
2.2365973483418502e+00
2.2361925575391481e+00
2.2369214943696649e+00
2.2363845880654121e+00
2.2365780577592047e+00
2.2363037801190493e+00
2.2367597385800333e+00
2.2358580642069148e+00
2.2361288599663811e+00
2.2370772588448027e+00
2.2362556270029335e+00
2.2371015516961723e+00
2.2360787659938861e+00
2.2367295236506020e+00
2.2364658493340501e+00
2.2364399205672232e+00
2.2364628770291146e+00
2.2358056081489082e+00
2.2361262538748639e+00
2.2360138094912614e+00
2.2358963484822354e+00
2.2362197947410101e+00
2.2367787974258495e+00
2.2363064078505528e+00
2.2361861973747525e+00
2.2366723933804527e+00
2.2368217024638453e+00
2.2370470439702044e+00
2.2361120591369192e+00
2.2359379462765534e+00
2.2367542948223602e+00
2.2353040469533600e+00
2.2367625850157404e+00
2.2359354258848847e+00
2.2364704188918738e+00
2.2368315680154631e+00
2.2367589686670826e+00
2.2375378500309084e+00
2.2356846218216297e+00
2.2360420936622161e+00
2.2364840312011269e+00
2.2359609694646072e+00
2.2362051997316112e+00
2.2353226780045188e+00
2.2364007325447353e+00
2.2360255746306956e+00
2.2362237879727709e+00
2.2361979284198061e+00
2.2358489019745820e+00
2.2357512343377381e+00
2.2371430122360607e+00
2.2367272810223437e+00
2.2362888385056507e+00
2.2363185236387859e+00
2.2364098357438000e+00
2.2365587185261391e+00
2.2357014612690960e+00
2.2362471953967740e+00
2.2355490709592636e+00
2.2369768339276419e+00
2.2362086626725746e+00
2.2364693176039139e+00
2.2361483738774997e+00
2.2363909066278675e+00
2.2364922499403659e+00
2.2358999364124590e+00
2.2366261587372978e+00
2.2358703923226759e+00
2.2366324841738288e+00
2.2366750838845348e+00
2.2369939510321002e+00
2.2368925594235551e+00
2.2367307794561144e+00
2.2363897210424297e+00
2.2367431416300083e+00
2.2361672398319850e+00
2.2357986767526579e+00
2.2357222415520632e+00
2.2365409633527276e+00
2.2361092660326585e+00
2.2363939227961604e+00
2.2368025522357340e+00
2.2360983089689044e+00
2.2367939969475255e+00
2.2367384565494248e+00
2.2367613409034672e+00
2.2366100291528719e+00
2.2363281473959420e+00
2.2360596272349773e+00
2.2365268123658995e+00
2.2365174707812692e+00
2.2356229375800516e+00
2.2362593005770499e+00
2.2360027783973946e+00
2.2361946561604800e+00
2.2371241673118805e+00
2.2360288526597043e+00
2.2365778900961613e+00
2.2369374266379172e+00
2.2359171414136245e+00
2.2356085699854322e+00
2.2364508927073592e+00
2.2369117723470642e+00
2.2364431975417429e+00
2.2368111815181000e+00
2.2361257487536452e+00
2.2376763560118533e+00
2.2357239009811321e+00
2.2369249120727965e+00
2.2366386852343170e+00
2.2360479820102173e+00
2.2365877098790037e+00
2.2365684354465025e+00
2.2363727453797773e+00
2.2367020866006864e+00
2.2367468547038514e+00
2.2359579583245806e+00
2.2368302362582675e+00
2.2363251502061581e+00
2.2365858108549110e+00
2.2355518023052010e+00
2.2368558063813002e+00
2.2372734367097702e+00
2.2365174577618223e+00
2.2364304716988648e+00
2.2363258311417153e+00
2.2357460920697028e+00
2.2367225042073771e+00
2.2370290683302811e+00
2.2362016137593592e+00
2.2360649606003338e+00
2.2359704766298072e+00
2.2356768466239063e+00
2.2366455837522929e+00
2.2365216204501532e+00
2.2360247052651778e+00
2.2367794353854262e+00
2.2359878529503150e+00
2.2360646472144641e+00
2.2353538030121949e+00
2.2363277133334525e+00
2.2367300843193738e+00
2.2366289801517287e+00
2.2364948184788358e+00
2.2362851734532665e+00
2.2355548682377884e+00
2.2366982514128222e+00
2.2371902528944103e+00
2.2363959206498754e+00
2.2363539857138468e+00
2.2365837245934865e+00
2.2371505851927282e+00
2.2365612939082538e+00
2.2368633805285092e+00
2.2372680403117946e+00
2.2363785128198570e+00
2.2367012524935532e+00
2.2367527396183258e+00
2.2364954010572253e+00
2.2361257805516428e+00
2.2357895707824205e+00
2.2363028029931904e+00
2.2362441539177285e+00
2.2364169322277321e+00
2.2368208395078235e+00
2.2372189863283225e+00
2.2362485502879168e+00
2.2357167430621345e+00
2.2359988162051612e+00
2.2358520410805078e+00
2.2362672671258386e+00
2.2362507096069630e+00
2.2363607475919194e+00
2.2361086236823078e+00
2.2369754551058887e+00
2.2354113456815772e+00
2.2369915338333057e+00
2.2363139378598036e+00
2.2355881299973195e+00
2.2369727788576452e+00
2.2368490696534007e+00
2.2366869376778760e+00
2.2368946363099131e+00
2.2362666557912463e+00
2.2361641886412769e+00
2.2358602937034227e+00
2.2371476852888388e+00
2.2358626815565530e+00
2.2370071866309460e+00
2.2367912070764278e+00
2.2368799162747761e+00
2.2359259459485319e+00
2.2356421495074890e+00
2.2360060711448115e+00
2.2357938754383406e+00
2.2368471017014020e+00
2.2363132337915421e+00
2.2362586199587753e+00
2.2359934961482746e+00
2.2369725897195099e+00
2.2369851600029347e+00
2.2364485675091381e+00
2.2364119347073266e+00
2.2359976193242308e+00
2.2357828927503434e+00
2.2358333298145072e+00
2.2366977118792817e+00
2.2359708147868234e+00
2.2356846220570130e+00
2.2364120961766769e+00
2.2359906795766111e+00
2.2371809476412143e+00
2.2358276911816506e+00
2.2364027005260958e+00
2.2358501060717724e+00
2.2361668212462713e+00
2.2356608553056674e+00
2.2366435343053417e+00
2.2362696316241015e+00
2.2359588855812471e+00
2.2367164674566862e+00
2.2363784646896772e+00
2.2359144746012296e+00
2.2363762637841056e+00
2.2373389862140338e+00
2.2364351665966105e+00
2.2370155323094871e+00
2.2375144509709997e+00
2.2366119379882461e+00
2.2357819074515310e+00
2.2368415711596787e+00
2.2365937946886159e+00
2.2361649701417377e+00
2.2373518315265590e+00
2.2368096667846742e+00
2.2359605381346466e+00
2.2362809400853148e+00
2.2359061041748958e+00
2.2356375050990214e+00
2.2362222582648248e+00
2.2370497128986404e+00
2.2359268698445134e+00
2.2370684453141760e+00
2.2359291024200862e+00
2.2359829326983003e+00
2.2363417049690963e+00
2.2370635382219954e+00
2.2366596726394246e+00
2.2364127922879518e+00
2.2364049077206025e+00
2.2365338455870973e+00
2.2365680214491754e+00
2.2359803806375411e+00
2.2371258487155417e+00
2.2353692269945835e+00
2.2365392325685822e+00
2.2366388147484759e+00
2.2365492690758111e+00
2.2359059556418459e+00
2.2361093898704030e+00
2.2360820737605840e+00
2.2363440413249416e+00
2.2362277059518103e+00
2.2361045741954797e+00
2.2361632479600670e+00
2.2369389708229575e+00
2.2368060665673131e+00
2.2359984887674274e+00
2.2371042026027959e+00
2.2366806456259907e+00
2.2362715870341270e+00
2.2364858284608067e+00
2.2366560696020095e+00
2.2360510044586737e+00
2.2361530904112286e+00
2.2364121199985787e+00
2.2365209164092832e+00
2.2353881599620498e+00
2.2367969546366782e+00
2.2365226520126589e+00
2.2362371875633698e+00
2.2362721561964545e+00
2.2362833817200216e+00
2.2365830019730000e+00
2.2363210786381806e+00
2.2368887194337286e+00
2.2360981903992498e+00
2.2360790040793539e+00
2.2362475133731099e+00
2.2363629815424861e+00
2.2368139860866942e+00
2.2367941133325040e+00
2.2366411194543048e+00
2.2364827544961456e+00
2.2356675358298514e+00
2.2361276356020379e+00
2.2364105058425983e+00
2.2368485833919931e+00
2.2364147669055234e+00
2.2364002536842338e+00
2.2365037433583765e+00
2.2355013693217578e+00
2.2362339699025324e+00
2.2368431628554779e+00
2.2365171117912466e+00
2.2368686164121261e+00
2.2363363941117860e+00
2.2378192448483154e+00
2.2373401783933700e+00
2.2360674904737867e+00
2.2368010117205985e+00
2.2369737285260176e+00
2.2364447853390148e+00
2.2352269176274988e+00
2.2366951395192975e+00
2.2360642689129122e+00
2.2356979844215807e+00
2.2360676069596805e+00
2.2369967331119747e+00
2.2364387218086956e+00
2.2354350552831028e+00
2.2364453020153383e+00
2.2355370239968910e+00
2.2358902997042911e+00
2.2367973728090274e+00
2.2372417245021037e+00
2.2362961590681079e+00
2.2371665055776853e+00
2.2353392397924927e+00
2.2358005866201172e+00
2.2358926974825106e+00
2.2363452663301651e+00
2.2369628447985010e+00
2.2363631056268876e+00
2.2367798470860194e+00
2.2361593386657637e+00
2.2361793317416847e+00
2.2365620648676074e+00
2.2359696983228186e+00
2.2356479565919445e+00
2.2363925481547295e+00
2.2354906182460343e+00
2.2362611069628997e+00
2.2368931195909703e+00
2.2360441478160418e+00
2.2372053444591438e+00
2.2359094065901353e+00
2.2361214913465393e+00
2.2367002611671061e+00
2.2363463378553416e+00
2.2374478994361686e+00
2.2364344263790814e+00
2.2361718420009433e+00
2.2360365995099651e+00
2.2370099034747275e+00
2.2365590842711320e+00
2.2362720896131205e+00
2.2358249388317986e+00
2.2364730704613396e+00
2.2361907505522902e+00
2.2354766681666578e+00
2.2359134849210793e+00
2.2363245144126838e+00
2.2367547070231262e+00
2.2355853562341967e+00
2.2365953524526572e+00
2.2362086363003328e+00
2.2363558927918787e+00
2.2364741842618048e+00
2.2367596057582961e+00
2.2363186692170944e+00
2.2363967400675082e+00
2.2363976997112274e+00
2.2359058578016495e+00
2.2365538408781664e+00
2.2366377842714731e+00
2.2359277595313101e+00
2.2365274571338039e+00
2.2365314678106669e+00
2.2368171674316839e+00
2.2363972640716776e+00
2.2360872622838803e+00
2.2367749396536758e+00
2.2368332717320847e+00
2.2367929328418135e+00
2.2371465006166984e+00
2.2363213923917438e+00
2.2372641047417163e+00
2.2362770546349249e+00
2.2359381697703959e+00
2.2362025298763299e+00
2.2365722641641606e+00
2.2360510924092094e+00
2.2365279361826058e+00
2.2367625137011027e+00
2.2363697788159782e+00
2.2361987527516098e+00
2.2367890689319414e+00
2.2365857135487053e+00
2.2365429578124241e+00
2.2362817908945947e+00
2.2356146311779441e+00
2.2361653658719907e+00
2.2367994174197383e+00
2.2363368500082550e+00
2.2364897151141765e+00
2.2356998355846986e+00
2.2370477660582697e+00
2.2361986083326872e+00
2.2364827503519416e+00
2.2361809082434720e+00
2.2357686520350124e+00
2.2364495334763177e+00
2.2362544259255590e+00
2.2360490309202206e+00
2.2355777929333018e+00
2.2368193048379474e+00
2.2366285462883804e+00
2.2367317905087507e+00
2.2369748890398142e+00
2.2367164875361265e+00
2.2367647307954477e+00
2.2372157442376328e+00
2.2356089208758152e+00
2.2360449337553621e+00
2.2366264401330556e+00
2.2361583880443190e+00
2.2349219815566999e+00
2.2373081207958263e+00
2.2360033839313882e+00
2.2360072655343783e+00
2.2369466194401069e+00
2.2358886701511147e+00
2.2361361294276119e+00
2.2367183872667713e+00
2.2363073710592394e+00
2.2372529519463504e+00
2.2363762882687568e+00
2.2366796564700357e+00
2.2369699644992345e+00
2.2369621934287016e+00
2.2366813806597552e+00
2.2362230088798039e+00
2.2360747648637198e+00
2.2360928442468984e+00
2.2366212346110941e+00
2.2356334825416115e+00
2.2357779273201217e+00
2.2363089182704363e+00
2.2365273371556862e+00
2.2364989803769952e+00
2.2366190101026331e+00
2.2359346391811572e+00
2.2368852948690794e+00
2.2353983116036700e+00
2.2369845324396365e+00
2.2363643267715596e+00
2.2369175110069905e+00
2.2361574248517049e+00
2.2363585718201890e+00
2.2363841273073772e+00
2.2367177901883633e+00
2.2367003756006336e+00
2.2374686686562257e+00
2.2370187501421572e+00
2.2363862871211859e+00
2.2359052097711305e+00
2.2364567373954745e+00
2.2369257261993027e+00
2.2359928964128502e+00
2.2357720964325889e+00
2.2359623275969982e+00
2.2357429871835741e+00
2.2365237206957125e+00
2.2370159012069974e+00
2.2363257170892745e+00
2.2363329285904139e+00
2.2359593085423937e+00
2.2368285814358320e+00
2.2365344131283029e+00
2.2353641869186256e+00
2.2357260880098071e+00
2.2366399151709708e+00
2.2365355126288082e+00
2.2363117688687173e+00
2.2362980544084494e+00
2.2365520326750636e+00
2.2363194415648366e+00
2.2372926829672970e+00
2.2363090971121320e+00
2.2361740676805515e+00
2.2360546265090253e+00
2.2360737578148044e+00
2.2355256503729075e+00
2.2362226424008536e+00
2.2370185812696697e+00
2.2368436483561291e+00
2.2369442961133843e+00
2.2359125163108327e+00
2.2362613165600274e+00
2.2364986273638241e+00
2.2368045742019200e+00
2.2370264679065497e+00
2.2366389629434784e+00
2.2360763371465988e+00
2.2372659088687548e+00
2.2360577316221217e+00
2.2360557717019756e+00
2.2359454511313270e+00
2.2361204661637810e+00
2.2370170299402039e+00
2.2366790726016150e+00
2.2360802339457511e+00
2.2364397093081858e+00
2.2359634880565631e+00
2.2373344075406765e+00
2.2358323383960097e+00
2.2368825224925177e+00
2.2353687061684351e+00
2.2366129428330170e+00
2.2368058007929115e+00
2.2362555592436251e+00
2.2371477481200750e+00
2.2365116872058892e+00
2.2359085139706627e+00
2.2357127173507072e+00
2.2360870811875042e+00
2.2366463959058138e+00
2.2364873881165366e+00
2.2365477255914250e+00
2.2354688253717669e+00
2.2358391566105404e+00
2.2366872627034504e+00
2.2364406472037843e+00
2.2370715713946256e+00
2.2356906451253731e+00
2.2361326558916850e+00
2.2361333594128996e+00
2.2366657729859361e+00
2.2372186865959933e+00
2.2365300006079689e+00
2.2358137192548835e+00
2.2364308296593771e+00
2.2359516426690074e+00
2.2366247880999048e+00
2.2351354793784410e+00
2.2364694417820186e+00
2.2367500388447428e+00
2.2368157731791802e+00
2.2354793559528199e+00
2.2363330838988191e+00
2.2364921701104814e+00
2.2357115878957909e+00
2.2364635267842865e+00
2.2368885862055889e+00
2.2370460299588801e+00
2.2370774684807704e+00
2.2366417774948686e+00
2.2365170842855315e+00
2.2361444628765921e+00
2.2362695297999275e+00
2.2359863809041909e+00
2.2361559369550355e+00
2.2364949707155390e+00
2.2356498378354521e+00
2.2363616409970088e+00
2.2372334618993919e+00
2.2369526668644166e+00
2.2357497952619600e+00
2.2356825942823604e+00
2.2369173800243005e+00
2.2364794272710240e+00
2.2368148552670624e+00
2.2358490626806109e+00
2.2363523676975339e+00
2.2365496461801717e+00
2.2362555244935467e+00
2.2360417916384603e+00
2.2363651749759086e+00
2.2370035180269987e+00
2.2365548917355587e+00
2.2365242178927689e+00
2.2365261953916518e+00
2.2359091234333945e+00
2.2357808420757257e+00
2.2373286774361554e+00
2.2359592108127555e+00
2.2353067420405570e+00
2.2362278282411019e+00
2.2368624976774516e+00
2.2358574553389325e+00
2.2364713398845542e+00
2.2355950056553588e+00
2.2362140243866384e+00
2.2365704082039839e+00
2.2360439008327484e+00
2.2361027630753147e+00
2.2365807159635009e+00
2.2366182008778765e+00
2.2360649512963007e+00
2.2362912180199794e+00
2.2355608866979697e+00
2.2376264352937363e+00
2.2356326726286375e+00
2.2358348237875818e+00
2.2366119104517428e+00
2.2361495536927061e+00
2.2360335573580477e+00
2.2361246908994032e+00
2.2361456513084117e+00
2.2360383440453480e+00
2.2361335656460191e+00
2.2362984347401627e+00
2.2360625838959813e+00
2.2367129202799561e+00
2.2355902683417583e+00
2.2359264789281816e+00
2.2365033441772533e+00
2.2368540865986453e+00
2.2350108959442156e+00
2.2373472124264393e+00
2.2361499386991150e+00
2.2366435501657120e+00
2.2358414882074857e+00
2.2362631803277981e+00
2.2360851686410070e+00
2.2354987362897818e+00
2.2363597868704637e+00
2.2360038609341757e+00
2.2367014430722336e+00
2.2360939838357634e+00
2.2361542210166485e+00
2.2358795570342567e+00
2.2359757757784684e+00
2.2363772001836799e+00
2.2364977101162737e+00
2.2366699534618206e+00
2.2363219224854416e+00
2.2362491934608846e+00
2.2366639349619168e+00
2.2362480601952623e+00
2.2367959789689285e+00
2.2356984364361754e+00
2.2354999964781168e+00
2.2364688024318768e+00
2.2363518291981657e+00
2.2362344217389740e+00
2.2364063814777060e+00
2.2357494757069936e+00
2.2363763773605139e+00
2.2361958046594093e+00
2.2369687391271098e+00
2.2365874589806314e+00
2.2366341061926196e+00
2.2369366913623159e+00
2.2362674480834466e+00
2.2370221870068101e+00
2.2356320423737417e+00
2.2364110646283826e+00
2.2359206595603274e+00
2.2361494050647006e+00
2.2361706800359156e+00
2.2358319798017323e+00
2.2368345151192042e+00
2.2365295748175855e+00
2.2365457324567344e+00
2.2365970025522066e+00
2.2362473431463648e+00
2.2365039181245501e+00
2.2372407876231937e+00
2.2357131839336719e+00
2.2371369495645901e+00
2.2363435600206807e+00
2.2363468335985295e+00
2.2365379056594032e+00
2.2364290135555569e+00
2.2360038572849388e+00
2.2363356996734085e+00
2.2361946136954400e+00
2.2357191166649244e+00
2.2364093521102260e+00
2.2359703136558147e+00
2.2356537107862171e+00
2.2360426174580565e+00
2.2359486660406644e+00
2.2369827325666218e+00
2.2366125236585166e+00
2.2365254101380154e+00
2.2364065953167356e+00
2.2372574778352976e+00
2.2364329170229236e+00
2.2363052903412330e+00
2.2364200052136156e+00
2.2360917726304836e+00
2.2368392760403597e+00
2.2364874756114035e+00
2.2366031850346588e+00
2.2358402807693167e+00
2.2367445918868345e+00
2.2368324260714259e+00
2.2365023201962435e+00
2.2361429956244772e+00
2.2359934474605261e+00
2.2355423050135159e+00
2.2366594471341443e+00
2.2374733767472303e+00
2.2371138961136179e+00
2.2367290599238343e+00
2.2359560981244471e+00
2.2361227849715495e+00
2.2363646303918454e+00
2.2366394268529763e+00
2.2356707247910212e+00
2.2370096877997643e+00
2.2367473909469702e+00
2.2367883725583235e+00
2.2368799249003937e+00
2.2362011516848419e+00
2.2365094516677106e+00
2.2364982650135024e+00
2.2362925607032191e+00
2.2369114273250754e+00
2.2363708259841566e+00
2.2361958952451944e+00
2.2369630841123969e+00
2.2370617509498958e+00
2.2363236970950413e+00
2.2363467814513154e+00
2.2355129356536736e+00
2.2363013884973704e+00
2.2365957112493158e+00
2.2356630425875368e+00
2.2366889836491559e+00
2.2377516321813848e+00
2.2356058202144293e+00
2.2372447127732800e+00
2.2362999647865238e+00
2.2359228519953640e+00
2.2361125384452887e+00
