1.6317363348327338e+00
1.6311399719720188e+00
1.6315510639801680e+00
1.6305441983595870e+00
1.6328253057360518e+00
1.6311296458573212e+00
1.6337979146529074e+00
1.6317637018443731e+00
1.6326042078111733e+00
1.6313268904052998e+00
1.6315423360745058e+00
1.6318529117319152e+00
1.6342654373101566e+00
1.6311843396848906e+00
1.6312301694835192e+00
1.6318485762488351e+00
1.6330853639560514e+00
1.6322454717601136e+00
1.6320756057848040e+00
1.6316334006241109e+00
1.6329389203137119e+00
1.6315139359850908e+00
1.6305962759783768e+00
1.6306246968345230e+00
1.6318974519965654e+00
1.6337291300227066e+00
1.6328366927750995e+00
1.6318133332599896e+00
1.6304215540138671e+00
1.6301730556131866e+00
1.6318746175564738e+00
1.6343821175387374e+00
1.6318112022854576e+00
1.6316967215320168e+00
1.6321426593115722e+00
1.6329817108503091e+00
1.6330905578978951e+00
1.6316559962677333e+00
1.6311964249733109e+00
1.6332607404987378e+00
1.6295402211985763e+00
1.6310431314754732e+00
1.6318849047840729e+00
1.6324841402566890e+00
1.6325059182514636e+00
1.6321342592108912e+00
1.6333887221975636e+00
1.6326148024114799e+00
1.6312561019412766e+00
1.6329747037111080e+00
1.6343979678478957e+00
1.6313542121330558e+00
1.6306558080619922e+00
1.6314750792864725e+00
1.6319102500565534e+00
1.6316985365360097e+00
1.6318038125665155e+00
1.6336787273639690e+00
1.6319423618236082e+00
1.6319939902336351e+00
1.6307942209861905e+00
1.6323626381904224e+00
1.6324614573033926e+00
1.6324205409041888e+00
1.6289597246672491e+00
1.6331831927612637e+00
1.6327376079363147e+00
1.6325634387631125e+00
1.6309664826857631e+00
1.6309260597480879e+00
1.6313497892183073e+00
1.6324677071132734e+00
1.6307910965955166e+00
1.6313646827757606e+00
1.6301474134656833e+00
1.6322805010050996e+00
1.6317778812158401e+00
1.6317687090876887e+00
1.6328554022596053e+00
1.6315313895666357e+00
1.6326947551039388e+00
1.6319122691504708e+00
1.6315215894675847e+00
1.6327734294034677e+00
1.6313149962354168e+00
1.6297883871291905e+00
1.6339734554898853e+00
1.6313775966311179e+00
1.6309251486673781e+00
1.6316270367372228e+00
1.6314789822421376e+00
1.6326881198891565e+00
1.6312570916556366e+00
1.6324644348818935e+00
1.6312001113901629e+00
1.6321367851431183e+00
1.6329599557631693e+00
1.6312807685787489e+00
1.6314247283198440e+00
1.6332298668475254e+00
1.6322301459118316e+00
1.6329723988757274e+00
1.6325364736902106e+00
1.6300047496882544e+00
1.6313010705067972e+00
1.6317852076281958e+00
1.6326891305004727e+00
1.6321996695514245e+00
1.6330286954596867e+00
1.6325277124324193e+00
1.6332833245185310e+00
1.6334192499005658e+00
1.6323448859794030e+00
1.6315105265914720e+00
1.6312145783084038e+00
1.6312977311062946e+00
1.6333284128373358e+00
1.6331707771640165e+00
1.6332787452096538e+00
1.6311859594330220e+00
1.6332197409662590e+00
1.6332787204189720e+00
1.6322616706834259e+00
1.6329487360384876e+00
1.6313496696001479e+00
1.6317448215306234e+00
1.6323700402932595e+00
1.6323640240699562e+00
1.6305879947124413e+00
1.6297934124408731e+00
1.6313840364457259e+00
1.6317133601494380e+00
1.6320353585311793e+00
1.6328408815830773e+00
1.6318654289875179e+00
1.6324401448130876e+00
1.6308801062399942e+00
1.6316744327873778e+00
1.6323210570591462e+00
1.6322990889794060e+00
1.6322633041625096e+00
1.6303056566467846e+00
1.6326279374506441e+00
1.6334785609877482e+00
1.6311369040677890e+00
1.6307404896934397e+00
1.6322044426524303e+00
1.6317214540406626e+00
1.6311640735773953e+00
1.6316760324644541e+00
1.6347036048831622e+00
1.6328027660457891e+00
1.6320173903030368e+00
1.6310715131421967e+00
1.6321190807785693e+00
1.6321318745934845e+00
1.6312941117870083e+00
1.6313748576284852e+00
1.6307885704437013e+00
1.6311286109711591e+00
1.6320807324159430e+00
1.6319889650050372e+00
1.6323332409108420e+00
1.6304267257715495e+00
1.6319177408475167e+00
1.6327648950770555e+00
1.6323947998610995e+00
1.6319785881143418e+00
1.6315419321032887e+00
1.6326324145713120e+00
1.6312159971529250e+00
1.6319227603171700e+00
1.6325163674361338e+00
1.6317130650903540e+00
1.6343241046690788e+00
1.6314701289762104e+00
1.6324151154712583e+00
1.6323246502788415e+00
1.6302765331362432e+00
1.6323748095022532e+00
1.6317217204824310e+00
1.6317915990867220e+00
1.6321730864310064e+00
1.6305413246303619e+00
1.6318063798983420e+00
1.6327799480327163e+00
1.6308286438151631e+00
1.6315243651153470e+00
1.6323776968498753e+00
1.6311860884732985e+00
1.6331192787257871e+00
1.6328276737769871e+00
1.6312994301366115e+00
1.6344784983773935e+00
1.6325911985255259e+00
1.6312007507112425e+00
1.6326335863848076e+00
1.6326530711331364e+00
1.6319252884101565e+00
1.6317710156315128e+00
1.6291283444767333e+00
1.6312945391826934e+00
1.6326457408057240e+00
1.6324544881685021e+00
1.6308420714339746e+00
1.6321269010986847e+00
1.6304412550005538e+00
1.6309125933700070e+00
1.6318647732196983e+00
1.6310791571436116e+00
1.6318939994697770e+00
1.6332269778139656e+00
1.6341679881757416e+00
1.6322899337159040e+00
1.6325470970964533e+00
1.6315540386462850e+00
1.6319475639461036e+00
1.6321853349820070e+00
1.6313573415609373e+00
1.6327104221109954e+00
1.6311122664448523e+00
1.6320272793737969e+00
1.6313448084053477e+00
1.6322385675794517e+00
1.6335657115233286e+00
1.6305042673613235e+00
1.6336524118303717e+00
1.6320309469909997e+00
1.6319983136689231e+00
1.6305034492745361e+00
1.6307812848177579e+00
1.6299426397061312e+00
1.6320395738131335e+00
1.6319262778433685e+00
1.6312344872564146e+00
1.6321135616403326e+00
1.6313781470052835e+00
1.6314441703670721e+00
1.6323563038090418e+00
1.6320957672828791e+00
1.6311583361521980e+00
1.6321447879180961e+00
1.6312033214060759e+00
1.6314770337152154e+00
1.6323316154971195e+00
1.6323094313220361e+00
1.6339260576968144e+00
1.6328455226086744e+00
1.6300742296248087e+00
1.6328283637617664e+00
1.6320148119423559e+00
1.6318494882332721e+00
1.6314082720481575e+00
1.6327671356552069e+00
1.6325904048375692e+00
1.6326703154294979e+00
1.6326031073945511e+00
1.6318862119580406e+00
1.6326044178695414e+00
1.6310249932026879e+00
1.6292099602864596e+00
1.6310669418537178e+00
1.6325258767086874e+00
1.6343910696768900e+00
1.6309792938878755e+00
1.6312048271950066e+00
1.6337864493350096e+00
1.6326281010389920e+00
1.6320795265994026e+00
1.6332372174858876e+00
1.6296247178851233e+00
1.6310148618501972e+00
1.6320469307235836e+00
1.6310078537277020e+00
1.6325786714858177e+00
1.6314319974009437e+00
1.6312903328383555e+00
1.6313513329708555e+00
1.6304862398716031e+00
1.6318353688333505e+00
1.6341674943951097e+00
1.6327416328667852e+00
1.6327704790757287e+00
1.6322555151525562e+00
1.6313376633518137e+00
1.6317025422471148e+00
1.6313094367162952e+00
1.6322036001682363e+00
1.6305240129488927e+00
1.6338106796903220e+00
1.6322370563250215e+00
1.6316450849469519e+00
1.6311489618524884e+00
1.6320682463082821e+00
1.6330045447434367e+00
1.6319661381114492e+00
1.6315901831236852e+00
1.6319597362920606e+00
1.6316131869322621e+00
1.6333519626908237e+00
1.6316833237554103e+00
1.6323522638538213e+00
1.6319300662325806e+00
1.6315721357338528e+00
1.6336338451554242e+00
1.6314343389612285e+00
1.6334367866159356e+00
1.6312739786677135e+00
1.6321563857148789e+00
1.6319866474940081e+00
1.6330473959179848e+00
1.6306526966913764e+00
1.6319647417445324e+00
1.6321163792043498e+00
1.6329141611614721e+00
1.6315922519829895e+00
1.6326668321113704e+00
1.6324967791292040e+00
1.6328482226342840e+00
1.6314665633408336e+00
1.6314387102770056e+00
1.6329475164113236e+00
1.6340889436488744e+00
1.6325199191017075e+00
1.6320050839236317e+00
1.6329385447615608e+00
1.6319204143526673e+00
1.6315543637080632e+00
1.6318345692344771e+00
1.6307399868375179e+00
1.6333668267557317e+00
1.6319849380342697e+00
1.6321056481463980e+00
1.6325144451543261e+00
1.6320124046862223e+00
1.6320572154420927e+00
1.6319810460908353e+00
1.6319781024641329e+00
1.6325281641574598e+00
1.6327442743216378e+00
1.6308187779354317e+00
1.6321434995924791e+00
1.6314849956491360e+00
1.6323562020791564e+00
1.6328947157240998e+00
1.6316985244112570e+00
1.6316347760954968e+00
1.6332515649695096e+00
1.6327709213413482e+00
1.6327221599558728e+00
1.6315508068549796e+00
1.6325496773800230e+00
1.6314681121214025e+00
1.6318266158437900e+00
1.6326004654264028e+00
1.6321455333389381e+00
1.6322602593202420e+00
1.6318215088611119e+00
1.6307365090012245e+00
1.6327564436158990e+00
1.6304581834320448e+00
1.6303936801520948e+00
1.6319061270187929e+00
1.6325710496164063e+00
1.6327331987821914e+00
1.6334464298654776e+00
1.6323051047909918e+00
1.6310008062145105e+00
1.6324351982561391e+00
1.6323278841093118e+00
1.6330614987477097e+00
1.6307468417666697e+00
1.6320069637506409e+00
1.6321601747384427e+00
1.6311300688561596e+00
1.6313204697823229e+00
1.6314051453924723e+00
1.6331623282594427e+00
1.6314499025013811e+00
1.6323956863225679e+00
1.6327577950437679e+00
1.6327089326305644e+00
1.6318408114773666e+00
1.6327091210349789e+00
1.6327744700594484e+00
1.6328952066312465e+00
1.6316309123549686e+00
1.6328529948754871e+00
1.6329672903061170e+00
1.6316956029539369e+00
1.6303677499403666e+00
1.6338482493997344e+00
1.6297437171427689e+00
1.6315448830764097e+00
1.6323385234216630e+00
1.6334673565374165e+00
1.6326600924205532e+00
1.6304375897993906e+00
1.6312167708442225e+00
1.6337922094736594e+00
1.6330599032753972e+00
1.6306096169019828e+00
1.6319301204027630e+00
1.6306611700070506e+00
1.6314817312440355e+00
1.6317702103600495e+00
1.6324742045561136e+00
1.6317870505392824e+00
1.6304608800623279e+00
1.6307156103919507e+00
1.6305529601360171e+00
1.6335358119704824e+00
1.6312457526326021e+00
1.6347933408928776e+00
1.6319389641300825e+00
1.6329647556619549e+00
1.6314175750542645e+00
1.6334590940008071e+00
1.6314013822419433e+00
1.6322815467518448e+00
1.6325411799199334e+00
1.6307816889854934e+00
1.6331525488638314e+00
1.6308744788905420e+00
1.6314266420134194e+00
1.6315690380135153e+00
1.6317262999160036e+00
1.6306942221200613e+00
1.6301720994857718e+00
1.6319387848167923e+00
1.6326180544261248e+00
1.6320791840117561e+00
1.6318640705370693e+00
1.6311972745629522e+00
1.6310733871584033e+00
1.6308710443117804e+00
1.6310217073406559e+00
1.6310760694169817e+00
1.6309108051214076e+00
1.6328653606783263e+00
1.6314455703992674e+00
1.6333207834772998e+00
1.6320638180568772e+00
1.6315487730726164e+00
1.6315690331289558e+00
1.6306496717608223e+00
1.6310845845772546e+00
1.6326914014178382e+00
1.6329238327659268e+00
1.6295021988845668e+00
1.6322506384535092e+00
1.6331142611269496e+00
1.6321059471254888e+00
1.6315419238885200e+00
1.6314031813340213e+00
1.6318819751472575e+00
1.6331874542884317e+00
1.6333170927581853e+00
1.6311769760256618e+00
1.6321261837193135e+00
1.6322441319552381e+00
1.6312997750602225e+00
1.6311639503332767e+00
1.6324982522897951e+00
1.6323772331109192e+00
1.6327388810193753e+00
1.6338347504910415e+00
1.6333069428617888e+00
1.6325221874523741e+00
1.6321253004781897e+00
1.6320845412445513e+00
1.6313145274312408e+00
1.6313715113430614e+00
1.6309575074622913e+00
1.6309209153916102e+00
1.6327451688680201e+00
1.6330134372178793e+00
1.6316018109394097e+00
1.6317108790446990e+00
1.6321682053615758e+00
1.6318887080669897e+00
1.6327488559867251e+00
1.6324172888230237e+00
1.6312639488352974e+00
1.6323675175288224e+00
1.6326777854701602e+00
1.6326389268413668e+00
1.6305523216642837e+00
1.6328841323973704e+00
1.6325901151464739e+00
1.6321149220310494e+00
1.6316174346001877e+00
1.6329418023459346e+00
1.6315388273262923e+00
1.6302445930480571e+00
1.6316758664847768e+00
1.6325780694420058e+00
1.6310494430146252e+00
1.6327423980962561e+00
1.6319958507136758e+00
1.6315419377009746e+00
1.6321151579375077e+00
1.6306156085872301e+00
1.6315929762860821e+00
1.6327606668519468e+00
1.6325624048630081e+00
1.6323088509466688e+00
1.6312908349084334e+00
1.6311964871446323e+00
1.6322851806565315e+00
1.6337700683382588e+00
1.6301037286056412e+00
1.6321008508291048e+00
1.6332038385950791e+00
1.6343033190434211e+00
1.6327126129012124e+00
1.6331676014367911e+00
1.6320370709254797e+00
1.6306133286954960e+00
1.6303855099883289e+00
1.6324674937304977e+00
1.6320183325937954e+00
1.6319952814355028e+00
1.6304882529594007e+00
1.6322801646589500e+00
1.6321157086562117e+00
1.6313649590619961e+00
1.6336823406928991e+00
1.6319353837726549e+00
1.6320312769723568e+00
1.6310233266270633e+00
1.6326764355342835e+00
1.6306112945779057e+00
1.6311567235056437e+00
1.6333226600648654e+00
1.6305704150964289e+00
1.6334967596993217e+00
1.6330305200012851e+00
1.6323427537880422e+00
1.6329712110482995e+00
1.6318373214852524e+00
1.6313625582934925e+00
1.6315410030657163e+00
1.6326395477696776e+00
1.6301625389486643e+00
1.6309379101951829e+00
1.6335979461468799e+00
1.6306989619261905e+00
1.6316158483685943e+00
1.6316315318585710e+00
1.6310633991102406e+00
1.6332353904469676e+00
1.6325183487460564e+00
1.6325294968233677e+00
1.6302014765265531e+00
1.6328986465835071e+00
1.6323099494992666e+00
1.6306779953020580e+00
1.6334404183321671e+00
1.6299630498398197e+00
1.6326129122030795e+00
1.6318983365670643e+00
1.6314141958362558e+00
1.6317373103203452e+00
1.6296923525790026e+00
1.6329992874420021e+00
1.6316288775504666e+00
1.6329659241019183e+00
1.6316678379780347e+00
1.6334923403712935e+00
1.6324069572422182e+00
1.6335139918219561e+00
1.6320871367863492e+00
1.6330545852642409e+00
1.6330203789641584e+00
1.6322264667814859e+00
1.6313122042141304e+00
1.6328493315413177e+00
1.6319837085608120e+00
1.6333473690805875e+00
1.6327183940500967e+00
1.6305233910558083e+00
1.6324116994325577e+00
1.6332433182216808e+00
1.6313192881973460e+00
1.6312264627709727e+00
1.6332683710202123e+00
1.6310419008836141e+00
1.6310183607535567e+00
1.6313087791727701e+00
1.6307762363778573e+00
1.6321414005075348e+00
1.6310754140531027e+00
1.6325077064060223e+00
1.6308425126108894e+00
1.6312890030593383e+00
1.6306514400668681e+00
1.6320867223163227e+00
1.6327719443912090e+00
1.6317493084977666e+00
1.6325821115359775e+00
1.6330620410989203e+00
1.6327887583963128e+00
1.6321951720259842e+00
1.6319283891538163e+00
1.6320602025802233e+00
1.6311425889649032e+00
1.6319942672314991e+00
1.6308167610827746e+00
1.6318836785131217e+00
1.6331197784762126e+00
1.6335553609940650e+00
1.6318052828838496e+00
1.6328472714076110e+00
1.6317386537056109e+00
1.6325314783261320e+00
1.6317399382151123e+00
1.6324723694229326e+00
1.6317036714395348e+00
1.6323423630464720e+00
1.6316372361827525e+00
1.6322708768002936e+00
1.6322515182213921e+00
1.6314129090333440e+00
1.6335355709890171e+00
1.6322611726039855e+00
1.6303767593051028e+00
1.6321551733647832e+00
1.6326638308474308e+00
1.6316318979133593e+00
1.6301872989992601e+00
1.6327086315449142e+00
1.6330200152263075e+00
1.6338811894851553e+00
1.6333491800948978e+00
1.6319183267900061e+00
1.6315629349868803e+00
1.6320218498720831e+00
1.6308775897023209e+00
1.6302730240738459e+00
1.6319260486464355e+00
1.6311895476487199e+00
1.6314160113203515e+00
1.6325633621394047e+00
1.6333522510249685e+00
1.6315770126397571e+00
1.6319822871991108e+00
1.6310766418478153e+00
1.6304878157496447e+00
1.6329566770702804e+00
1.6306622567275617e+00
1.6323228156957472e+00
1.6321450851424275e+00
1.6335761128078812e+00
1.6315235855652113e+00
1.6320097339301856e+00
1.6321729766680626e+00
1.6304055144966829e+00
1.6320227605603175e+00
1.6335069577393762e+00
1.6326074914024657e+00
1.6321234091324930e+00
1.6315125284244554e+00
1.6307039453811434e+00
1.6324951478575400e+00
1.6312821146324741e+00
1.6304233284810703e+00
1.6335200221023867e+00
1.6324919203860981e+00
1.6301538718308626e+00
1.6330604047857353e+00
1.6305163950196313e+00
1.6323798139988124e+00
1.6325499471792260e+00
1.6326823867594333e+00
1.6309031917993824e+00
1.6322861401772293e+00
1.6317425713538738e+00
1.6323761523482794e+00
1.6315624644577145e+00
1.6311795151186008e+00
1.6316281868821281e+00
1.6310576088336031e+00
1.6304988500929551e+00
1.6317368752374397e+00
1.6320356967837957e+00
1.6322448875060904e+00
1.6316436991533920e+00
1.6312107935300926e+00
1.6322107836211890e+00
1.6320709149847343e+00
1.6325991464259388e+00
1.6304466693498572e+00
1.6315004037512590e+00
1.6337354845818375e+00
1.6321446898408438e+00
1.6312958722039574e+00
1.6306005507621046e+00
1.6326304688919053e+00
1.6315578616062008e+00
1.6346523148548158e+00
1.6324017071040822e+00
1.6332422950866881e+00
1.6310142442293665e+00
1.6310899632827125e+00
1.6326108702887403e+00
1.6322880142625547e+00
1.6312251454998143e+00
1.6323899510052544e+00
1.6314044585919933e+00
1.6316583427340399e+00
1.6330069625598902e+00
1.6319007687965061e+00
1.6314132063427489e+00
1.6320280374032314e+00
1.6319762272993497e+00
1.6321270186506114e+00
1.6310620703537091e+00
1.6318671632579937e+00
1.6325702209713311e+00
1.6343899928237144e+00
1.6305542388630356e+00
1.6301254888542691e+00
1.6317823705449219e+00
1.6328656187644883e+00
1.6316555305767828e+00
1.6304267624859949e+00
1.6323018145388315e+00
1.6315568966866689e+00
1.6309967031696753e+00
1.6322120119941079e+00
1.6320284508437004e+00
1.6306649556440669e+00
1.6317791746452508e+00
1.6306142391655807e+00
1.6305310343699102e+00
1.6308868114338717e+00
1.6320060123839835e+00
1.6329272122061869e+00
1.6311493019728662e+00
1.6311682651714836e+00
1.6297004314819548e+00
1.6318759143398038e+00
1.6331008979270323e+00
1.6326820537705129e+00
1.6322809645391512e+00
1.6324714026523113e+00
1.6332646267093236e+00
1.6335307444686036e+00
1.6310694098891505e+00
1.6318248365944061e+00
1.6309782858116060e+00
1.6304335311133358e+00
1.6317781017536053e+00
1.6322800829386916e+00
1.6315667944027974e+00
1.6330136650960536e+00
1.6303269843258603e+00
1.6317170743235863e+00
1.6315470700940393e+00
1.6326144885416274e+00
1.6336306087159056e+00
1.6306243354004517e+00
1.6314892376725498e+00
1.6312282179416862e+00
1.6307514199342064e+00
1.6313872347010454e+00
1.6317442627156178e+00
1.6305223990386823e+00
1.6319916024750596e+00
1.6321019693252059e+00
1.6327375895765392e+00
1.6324486286105298e+00
1.6331897936354822e+00
1.6340435203630883e+00
1.6312602711532544e+00
1.6309978058628636e+00
1.6342343480932326e+00
1.6316923994605841e+00
1.6321497167449541e+00
1.6331935238441784e+00
1.6324431483226256e+00
1.6310310447433523e+00
1.6331609937173193e+00
1.6338285874672436e+00
1.6311454866025292e+00
1.6326806827601472e+00
1.6316878393243301e+00
1.6312501920818971e+00
1.6326169040338647e+00
1.6313004973958003e+00
1.6332278845982686e+00
1.6334813069839289e+00
1.6309635136603517e+00
1.6303040595329097e+00
1.6325064050498308e+00
1.6311169687977585e+00
1.6332030756802698e+00
1.6310018233950119e+00
1.6314227627569924e+00
1.6308691201013334e+00
1.6309238134672963e+00
1.6328571729630637e+00
1.6320072225939068e+00
1.6324652848254022e+00
1.6305682502342682e+00
1.6322001668296571e+00
1.6327316833927912e+00
1.6313623266441526e+00
1.6323253642070688e+00
1.6327483163682894e+00
1.6336595009012631e+00
1.6332053473510004e+00
1.6331057941992344e+00
1.6322138949811236e+00
1.6301532976235129e+00
1.6321062943122191e+00
1.6316862915064183e+00
1.6308409509795714e+00
1.6325955719515250e+00
1.6315726649733358e+00
1.6314196613196135e+00
1.6321695642562368e+00
1.6302879474218279e+00
1.6324163103709870e+00
1.6312533755078369e+00
1.6325850332313330e+00
1.6302371253248329e+00
1.6311176204368749e+00
1.6319615935897585e+00
1.6316586097874610e+00
1.6321340377817029e+00
1.6330934282166951e+00
1.6311600696709769e+00
1.6329214714875009e+00
1.6298580606108546e+00
1.6313186362328824e+00
1.6323086091184276e+00
1.6309004797539635e+00
1.6337005854645876e+00
1.6313250235579249e+00
1.6342490841809907e+00
1.6323511471385219e+00
1.6322926962735136e+00
1.6331202376569567e+00
1.6323487348816950e+00
1.6322751118331600e+00
1.6315582765690055e+00
1.6311760661404677e+00
1.6317583237064071e+00
1.6324111743719700e+00
1.6304132070089039e+00
1.6319462832156844e+00
1.6337289584651342e+00
1.6335622353205672e+00
1.6301997660520291e+00
1.6322420111338880e+00
1.6326182510086553e+00
1.6339851618228711e+00
1.6336574020502725e+00
1.6309238553850443e+00
1.6330247483195850e+00
1.6311429260853743e+00
1.6329478483682924e+00
1.6319832689039317e+00
1.6334976510999129e+00
1.6323103397512535e+00
1.6321616723249763e+00
1.6321981280178122e+00
1.6322152570426007e+00
1.6322443119108856e+00
1.6307892652070188e+00
1.6319612627387885e+00
1.6295658064477971e+00
1.6322237771943318e+00
1.6321677627352158e+00
1.6329041395159734e+00
1.6318309006933849e+00
1.6315193300587343e+00
1.6316746563772098e+00
1.6320893165361923e+00
1.6319624165066453e+00
1.6314301443116197e+00
1.6302171016762008e+00
1.6321759680812975e+00
1.6326639201683377e+00
1.6313797290167971e+00
1.6307658250898200e+00
1.6305293353713639e+00
1.6314930949813571e+00
1.6317940775275608e+00
1.6304547649284422e+00
1.6311391648452236e+00
1.6326382802241570e+00
1.6312181063596218e+00
1.6332118427690390e+00
1.6310959744651399e+00
1.6311146181974687e+00
1.6336522872088999e+00
1.6319035342864134e+00
1.6316020661814536e+00
1.6311542328931548e+00
1.6322155811492560e+00
1.6318525668322124e+00
1.6318667637475321e+00
1.6312640592447905e+00
1.6304830799085435e+00
1.6308583025986654e+00
1.6313402584828245e+00
1.6316185626207467e+00
1.6312197609240098e+00
1.6318688301643249e+00
1.6312169825467762e+00
1.6323976466325301e+00
1.6337140985121408e+00
1.6321680999551207e+00
1.6332617831512957e+00
1.6312299860072303e+00
1.6323013087240323e+00
1.6298510591258051e+00
1.6316422705353355e+00
1.6305458814099485e+00
1.6322957727934961e+00
1.6301097221516165e+00
1.6321045569085337e+00
1.6329583002678381e+00
1.6314947657701497e+00
1.6315438857732718e+00
1.6307483633177475e+00
1.6304229926440350e+00
1.6310937007192692e+00
1.6313360995216066e+00
1.6310448130379138e+00
1.6312426449958821e+00
1.6308271199661875e+00
1.6316912237356938e+00
1.6318338218404560e+00
1.6330226645299957e+00
1.6328368353664593e+00
1.6324547499110307e+00
1.6310927589957938e+00
1.6332390952625231e+00
1.6313977408687863e+00
1.6324871146219773e+00
1.6320104758308847e+00
1.6316537628303427e+00
1.6323148835578283e+00
1.6333544400574656e+00
1.6300895663004169e+00
1.6317804833096594e+00
1.6316524639559546e+00
1.6331242690476040e+00
1.6315089564056762e+00
1.6322374536300701e+00
1.6300716048872117e+00
1.6311421115616798e+00
1.6316670976639533e+00
1.6310147246411428e+00
1.6307148981089854e+00
1.6317779338888747e+00
1.6299430024088171e+00
1.6317568977104622e+00
1.6310183100078259e+00
1.6339536587305930e+00
1.6305696671419230e+00
1.6312157624687833e+00
1.6312907741576361e+00
1.6312223425214987e+00
1.6317752802954855e+00
1.6297558598569286e+00
1.6301273905793989e+00
1.6300880833239271e+00
1.6316976307524145e+00
1.6320872960655359e+00
1.6322511212999418e+00
1.6324570976779724e+00
1.6324568433658873e+00
1.6314530690350388e+00
1.6324821286667439e+00
1.6304546060336351e+00
1.6310171627073966e+00
1.6322229984616012e+00
1.6313975064256345e+00
1.6322532035502377e+00
1.6321840362812412e+00
1.6331494805165867e+00
1.6320933468293350e+00
1.6326575592004988e+00
1.6321533265317263e+00
1.6315853006664611e+00
1.6319082969528609e+00
1.6308497497710714e+00
1.6313562797946239e+00
1.6310321516293009e+00
1.6329871785428536e+00
1.6320308525362786e+00
1.6320652494194252e+00
1.6322935324723959e+00
1.6319577006179533e+00
1.6320626852284392e+00
1.6317231698836550e+00
1.6324958257343207e+00
1.6319292698716779e+00
1.6322844881459939e+00
1.6311006183520291e+00
1.6305415952986635e+00
1.6314155276566715e+00
1.6321067331137393e+00
1.6334954727187705e+00
1.6297541800833031e+00
1.6322818105497838e+00
1.6303315313080771e+00
1.6318053170455862e+00
1.6311430955143931e+00
1.6323618647452316e+00
1.6306137947753383e+00
1.6325837823727334e+00
1.6320328408948102e+00
1.6319306003092127e+00
1.6308032355161350e+00
1.6319741059420294e+00
1.6332445132053670e+00
1.6331228445172425e+00
1.6337585239092598e+00
1.6305113944594405e+00
1.6311318695658314e+00
1.6304771925516264e+00
1.6316189081059020e+00
1.6316758482404317e+00
1.6320301375549420e+00
1.6310852030160663e+00
1.6310399461337468e+00
1.6322037436916654e+00
1.6309209871017045e+00
1.6309583797665832e+00
1.6308424263281311e+00
1.6313530695559892e+00
1.6324686413286118e+00
1.6328692306406825e+00
1.6324410687621296e+00
1.6318444253286393e+00
1.6321992558360268e+00
1.6316315373026806e+00
1.6328373976353825e+00
1.6310681786023808e+00
1.6321559011446176e+00
1.6321676773350027e+00
1.6310664361273277e+00
1.6307167824965649e+00
1.6317206378306433e+00
1.6314731561548470e+00
1.6310709255810385e+00
1.6308499800442824e+00
1.6322718585329872e+00
1.6330642209172754e+00
1.6319336382250160e+00
1.6308821494242671e+00
1.6328620587790530e+00
1.6311718314643209e+00
1.6320801476557589e+00
1.6315048532076191e+00
1.6321899759591973e+00
1.6313409671986845e+00
1.6311910231034028e+00
1.6314290945846126e+00
1.6315708436365570e+00
1.6312878782090159e+00
1.6320987260760884e+00
1.6337558884502297e+00
1.6308523093387406e+00
1.6308940129738378e+00
1.6325641792935028e+00
1.6325349446040796e+00
1.6316099521703897e+00
1.6323397415386747e+00
1.6321234920932117e+00
1.6310473696781260e+00
1.6326699665488524e+00
1.6315136199238318e+00
1.6312392132499465e+00
1.6330315705050369e+00
1.6331277114919251e+00
1.6318751767557862e+00
1.6300690394978175e+00
1.6299396804597412e+00
1.6321341824291764e+00
1.6330659239237943e+00
1.6310514928788176e+00
1.6324930919800316e+00
1.6318911894175692e+00
1.6318150546434882e+00
1.6305464790058211e+00
1.6345392948968067e+00
1.6328391880308162e+00
1.6330346522522086e+00
1.6316952106878544e+00
1.6308042117820747e+00
1.6296606845395758e+00
1.6329966046226680e+00
1.6347960675631907e+00
1.6322321855144559e+00
1.6302156588658894e+00
1.6327930497830123e+00
1.6332649620508852e+00
1.6326531069313384e+00
1.6324481506321276e+00
1.6312371862931205e+00
1.6317338359804336e+00
1.6315895637450226e+00
1.6325462407794311e+00
1.6326222622020110e+00
1.6343090000810014e+00
1.6313685705942984e+00
1.6307903661888816e+00
1.6321962799656631e+00
1.6294188064223698e+00
1.6330063728010737e+00
1.6308697142439488e+00
1.6316454579898581e+00
1.6330617384231707e+00
1.6311257367564462e+00
1.6311838052771224e+00
1.6326326649149880e+00
1.6324652348536417e+00
1.6317367391281552e+00
1.6324032720637895e+00
1.6330879359749322e+00
1.6315552562064330e+00
1.6320611848043207e+00
1.6323545863572706e+00
1.6315181225368347e+00
1.6334290781950698e+00
1.6324447041626220e+00
1.6328330971153087e+00
1.6320784764239695e+00
1.6322303090818093e+00
1.6314799852870860e+00
1.6310502590727356e+00
1.6323766341584152e+00
1.6327250232213020e+00
1.6318157422722144e+00
1.6307635404338405e+00
1.6320730198104232e+00
1.6324569648444958e+00
1.6332938306415061e+00
1.6333657937278694e+00
1.6338810704254472e+00
1.6321352008307122e+00
1.6308825743825186e+00
1.6303578681991104e+00
1.6310055292995838e+00
1.6330090880341659e+00
1.6307426185184830e+00
1.6321275910746023e+00
1.6298074475915239e+00
1.6318023519386020e+00
1.6319170450935825e+00
1.6313396435200176e+00
1.6329088444525819e+00
1.6314327601791987e+00
1.6308671762434837e+00
1.6322850008451997e+00
1.6311704157300186e+00
1.6319545288447563e+00
1.6311036646918045e+00
1.6323274644319636e+00
1.6317735194741381e+00
1.6330282091886228e+00
1.6314042859352911e+00
1.6306485128377695e+00
1.6318316605874972e+00
1.6327269768921675e+00
1.6305403610170057e+00
1.6321603262440816e+00
1.6316050590017726e+00
1.6325679021354964e+00
1.6300334893913973e+00
1.6313329453475212e+00
1.6317366583611908e+00
1.6299388451490924e+00
1.6316836657220057e+00
1.6312915821297216e+00
1.6310090350813040e+00
1.6319431787492060e+00
1.6324998905676260e+00
1.6324442567824100e+00
1.6312490859900728e+00
1.6316745973855804e+00
1.6330566211790079e+00
1.6319388731342575e+00
1.6331395162378390e+00
1.6316319521232003e+00
1.6322263589801689e+00
1.6316504257507036e+00
1.6334836747509300e+00
1.6315640422760922e+00
1.6313354383647787e+00
1.6308790663777324e+00
1.6325813942284331e+00
1.6302885925661015e+00
1.6300539557900766e+00
1.6331923986978012e+00
1.6308236216075955e+00
1.6304675945665805e+00
1.6300403901449287e+00
1.6316802242399306e+00
1.6335116190743351e+00
1.6331652660014311e+00
1.6318787523943872e+00
1.6316798602334674e+00
1.6314653872910276e+00
1.6324651167743827e+00
1.6311882974867711e+00
1.6318898152521446e+00
1.6327755756542972e+00
1.6317338691448124e+00
1.6334630910173611e+00
1.6323243447538940e+00
1.6316983960877078e+00
1.6315804439102930e+00
1.6328146532474370e+00
1.6306248408009021e+00
1.6310653627811627e+00
1.6319460248258337e+00
1.6316539837627981e+00
1.6338250110756558e+00
1.6324906337277076e+00
1.6316498767279752e+00
1.6330629302895749e+00
1.6305488568554121e+00
1.6322394477653521e+00
1.6318963322279685e+00
1.6321051086271163e+00
1.6333203678835604e+00
1.6315440587840067e+00
1.6317114157971975e+00
1.6318369536720929e+00
1.6320657922236661e+00
1.6309836321847773e+00
1.6305660809308775e+00
1.6316371856070822e+00
1.6313348532332177e+00
1.6321366749305639e+00
1.6307453723961225e+00
1.6346453596662629e+00
1.6314311646709716e+00
1.6320912180417331e+00
1.6322551555843283e+00
1.6324331910008172e+00
1.6325616917805057e+00
1.6322747880057038e+00
1.6318534623116521e+00
1.6313475078008126e+00
1.6295946437093467e+00
1.6321777526885834e+00
1.6322716938422008e+00
1.6319711557157699e+00
1.6318179137213147e+00
1.6330194800178301e+00
1.6318818537794020e+00
1.6323106246531549e+00
1.6316802414110327e+00
1.6317029164491814e+00
1.6319933600272500e+00
1.6313449867770042e+00
1.6320893476276592e+00
1.6313276251125941e+00
1.6311261695083319e+00
1.6304261390820873e+00
1.6306478029030520e+00
1.6317508986007039e+00
1.6316916614521635e+00
1.6311169848311635e+00
1.6296039698914861e+00
1.6332931634723469e+00
1.6312438930059154e+00
1.6337545067918027e+00
1.6322994712477714e+00
1.6316219666507352e+00
1.6319439576949026e+00
1.6332834311916502e+00
1.6319957223163286e+00
1.6330572179557412e+00
1.6318367006236982e+00
1.6317068268743560e+00
1.6314434614662630e+00
1.6320551080936085e+00
1.6317229729632778e+00
1.6318938761944819e+00
1.6325545415502969e+00
1.6332832690035823e+00
1.6324173059030149e+00
1.6321143506030840e+00
1.6316167803130210e+00
1.6320740469832964e+00
1.6306124238042015e+00
1.6305859429354377e+00
1.6300327035845645e+00
1.6301983544847409e+00
1.6316990895446657e+00
1.6331618937225947e+00
1.6317315526032281e+00
1.6327502482312692e+00
1.6297964638167981e+00
1.6282996798819072e+00
1.6305803583302654e+00
1.6322254791150723e+00
1.6341325418865293e+00
1.6308851701739027e+00
1.6315884126425308e+00
1.6300914696548148e+00
1.6314321164606276e+00
1.6312485767714642e+00
1.6308267717863125e+00
1.6316401076561917e+00
1.6312153889795751e+00
1.6311731908012908e+00
1.6312108225392328e+00
1.6344280091045758e+00
1.6314471021578167e+00
1.6321161235784858e+00
1.6329866256134027e+00
1.6323822779347754e+00
1.6310710246535309e+00
1.6312641271705439e+00
1.6319633016311614e+00
1.6326295579061498e+00
1.6311330095195911e+00
1.6315118615202910e+00
1.6301071591620362e+00
1.6322606783995997e+00
1.6304316022823104e+00
1.6329348279217686e+00
1.6328213719662794e+00
1.6309115679205648e+00
1.6324320228373521e+00
1.6311047142310919e+00
1.6321743535994533e+00
1.6323979617472215e+00
1.6329177489334252e+00
1.6300249245607370e+00
1.6313807859339866e+00
1.6316952216430014e+00
1.6314742807990747e+00
1.6312467722591590e+00
1.6328371034257754e+00
1.6324210104740589e+00
1.6307063945198907e+00
1.6329158002391184e+00
1.6321148789870474e+00
1.6322809905269549e+00
1.6304377149123976e+00
1.6320919687742304e+00
1.6327096280501432e+00
1.6316949019553590e+00
1.6335685689759252e+00
1.6315337779426413e+00
1.6310359128262888e+00
1.6316823253770316e+00
1.6327947013553492e+00
1.6320824752795178e+00
1.6322014014145505e+00
1.6312770109282746e+00
1.6318998073535884e+00
1.6324677441515545e+00
1.6320227115521411e+00
1.6320285892512647e+00
1.6311530280330049e+00
1.6321121324213343e+00
1.6301267136765867e+00
1.6318111771013941e+00
1.6319989474361456e+00
1.6321253579719877e+00
1.6320343919181868e+00
1.6318251765664016e+00
1.6316088106966791e+00
1.6319443371327413e+00
1.6313549983396269e+00
1.6323025880885829e+00
1.6319546706887966e+00
1.6310104840933766e+00
1.6314793381676895e+00
1.6317206452943651e+00
1.6303756523888349e+00
1.6314731285015931e+00
1.6317227618659154e+00
1.6320396636808154e+00
1.6321805498095323e+00
1.6312104790443249e+00
1.6315911687773439e+00
1.6313606202014230e+00
1.6323023467669344e+00
1.6324949041801635e+00
1.6320915203076671e+00
1.6330702332488944e+00
1.6322422463523931e+00
1.6325169490803186e+00
1.6320855786949178e+00
1.6326551469697717e+00
1.6324101692143735e+00
1.6326651187412426e+00
1.6324687967674298e+00
1.6314992026095543e+00
1.6335477741754714e+00
1.6315225242342444e+00
1.6303993459377841e+00
1.6335624631471461e+00
1.6315814255912915e+00
1.6312867913783100e+00
1.6321951704541064e+00
1.6322521260201919e+00
1.6315517479497135e+00
1.6322067013646131e+00
1.6317842372337570e+00
1.6330388936100493e+00
1.6310844721579658e+00
1.6314031630561949e+00
1.6326373792433415e+00
1.6324325376604658e+00
1.6311551556671144e+00
1.6321750808880382e+00
1.6307504903116357e+00
1.6319290364568613e+00
1.6307988953034371e+00
1.6305305459251851e+00
1.6310888729565425e+00
1.6319150136360292e+00
1.6308246814681766e+00
1.6327162853814419e+00
1.6329618069914011e+00
1.6325423144270610e+00
1.6316594821139967e+00
1.6318959161687197e+00
1.6330265299711086e+00
1.6326465138719990e+00
1.6321323368552059e+00
1.6319062405553846e+00
1.6309640208312290e+00
1.6309921831699759e+00
1.6331005409449761e+00
1.6326252039743854e+00
1.6341776897918685e+00
1.6317917700338793e+00
1.6312529178574371e+00
1.6336346773142703e+00
1.6322045748808793e+00
1.6329684910913318e+00
1.6331739343993608e+00
1.6323230373108197e+00
1.6321859856052494e+00
1.6335418097479817e+00
1.6305004618895236e+00
1.6320740843525685e+00
1.6320978756397422e+00
1.6315354575269598e+00
1.6331034100650355e+00
1.6325419942147530e+00
1.6329935561310513e+00
1.6315574459576045e+00
1.6329142063070941e+00
1.6308881753992430e+00
1.6315184340647459e+00
1.6319179269207047e+00
1.6301340476554202e+00
1.6325679161353488e+00
1.6339526029838554e+00
1.6317722932925514e+00
1.6305092014335103e+00
1.6304683031550289e+00
1.6312087803886870e+00
1.6319492753132256e+00
1.6320586328493856e+00
1.6297210060291227e+00
1.6303036784789691e+00
1.6325078805935549e+00
1.6321750335770833e+00
1.6314393249297716e+00
1.6337123602913692e+00
1.6327356312284109e+00
1.6322185905911377e+00
1.6326190772703795e+00
1.6304200483542333e+00
1.6292489248730657e+00
1.6336613577188190e+00
1.6303840372479952e+00
1.6330786158462229e+00
1.6317410053471977e+00
1.6316767987021459e+00
1.6324007088899031e+00
1.6322206051671819e+00
1.6322220756494716e+00
1.6335638618513786e+00
1.6317327733761080e+00
1.6315618512977734e+00
1.6330369346890496e+00
1.6312270681686862e+00
1.6309901717655040e+00
1.6319405606654414e+00
1.6310673911047391e+00
1.6328950319089894e+00
1.6308582507302014e+00
1.6308014769057220e+00
1.6297700513261184e+00
1.6304769925786755e+00
1.6320125456717651e+00
1.6319967241694024e+00
1.6318449407384237e+00
1.6325169027546014e+00
1.6303782268865050e+00
1.6327194066748383e+00
1.6334551634454295e+00
1.6323923029969256e+00
1.6320932957243479e+00
1.6319139719177997e+00
1.6308623288786073e+00
1.6314252735345349e+00
1.6314949539890411e+00
1.6318856554360182e+00
1.6310647225380206e+00
1.6312228737646524e+00
1.6318016197087384e+00
1.6334145028339417e+00
1.6319718889441848e+00
1.6313900904975367e+00
1.6324142949310410e+00
1.6329699726992200e+00
1.6307073221101549e+00
1.6297809696557679e+00
1.6311090181733248e+00
1.6325323822278954e+00
1.6330072320208189e+00
1.6326050649211266e+00
1.6326111785859374e+00
1.6320676377194268e+00
1.6303706545141881e+00
1.6313347555563000e+00
1.6320893768777134e+00
1.6326147954034815e+00
1.6327568805490349e+00
1.6322072731031634e+00
1.6339517398095955e+00
1.6310514688981348e+00
1.6317129027206421e+00
1.6319234929965971e+00
1.6327460540584540e+00
1.6315733763731091e+00
1.6318736560669926e+00
1.6309622055845090e+00
1.6310874872915884e+00
1.6298870983049250e+00
1.6320014118698511e+00
1.6325638419884392e+00
1.6308919670128323e+00
1.6315710418388119e+00
1.6322155204085744e+00
1.6309052183315926e+00
1.6318199826436772e+00
1.6308897132664517e+00
1.6308093915203214e+00
1.6321450594863058e+00
1.6307085002924901e+00
1.6307791860353122e+00
1.6310913569211347e+00
1.6308992935843560e+00
1.6310329989006325e+00
1.6312435111994104e+00
1.6325788095983620e+00
1.6316206411863214e+00
1.6317394449114708e+00
1.6321762553881591e+00
1.6324204184989350e+00
1.6316121493353393e+00
1.6317983334803907e+00
1.6315427600306096e+00
1.6308666140479220e+00
1.6325547007148837e+00
1.6315786966695411e+00
1.6327373523581712e+00
1.6316434000835818e+00
1.6323482829014573e+00
1.6305715528171849e+00
1.6311447689378196e+00
1.6314913761076804e+00
1.6307891495343410e+00
1.6327778000575068e+00
1.6312361031671472e+00
1.6317071781891668e+00
1.6331314318711856e+00
1.6310725636635990e+00
1.6303201034042321e+00
1.6310679809927999e+00
1.6306133554840629e+00
1.6312583181716254e+00
1.6309390219265096e+00
1.6316354693957473e+00
1.6329530232806944e+00
1.6320771140948576e+00
1.6320226941239619e+00
1.6311512463890332e+00
1.6316774576706505e+00
1.6335796473833597e+00
1.6330014138916180e+00
1.6326323784290138e+00
1.6321571717839523e+00
1.6329931432962350e+00
1.6325104917200552e+00
1.6319352469822404e+00
1.6321604725388994e+00
1.6326784743400296e+00
1.6324049882140199e+00
1.6314887730309109e+00
1.6317501257731195e+00
1.6320394619333718e+00
1.6323935179057303e+00
1.6306116192033238e+00
1.6303007245572809e+00
1.6298976545320392e+00
1.6337304738787493e+00
1.6329522044945775e+00
1.6325433533353455e+00
1.6311293211121403e+00
1.6316074335151420e+00
1.6330191646657122e+00
1.6318684389145051e+00
1.6322669184032652e+00
1.6311402556358414e+00
1.6315934807877521e+00
1.6320259979775302e+00
1.6317990692703954e+00
1.6313235795142154e+00
1.6314881523565408e+00
1.6317638602838833e+00
1.6310878522018883e+00
1.6308425015748791e+00
1.6317783560092967e+00
1.6324036416861682e+00
1.6313718832600173e+00
1.6316981184773602e+00
1.6345970386103061e+00
1.6334914222559105e+00
1.6315525495495511e+00
1.6316856218067206e+00
1.6302482045280575e+00
1.6317124594621155e+00
1.6316836865599489e+00
1.6307524541610154e+00
1.6315626252527173e+00
1.6332963167388810e+00
1.6307888193860951e+00
1.6318978949388410e+00
1.6326993532877345e+00
1.6319813805099979e+00
1.6324418383972297e+00
1.6325593519914536e+00
1.6318393996691409e+00
1.6308372091300043e+00
1.6320091931217933e+00
1.6324064377304255e+00
1.6330211236059766e+00
1.6319521586945320e+00
1.6324085015750678e+00
1.6323275053749045e+00
1.6321903091927776e+00
1.6302813922685926e+00
1.6337460755501965e+00
1.6342264965930244e+00
1.6313159564305795e+00
1.6318104591760578e+00
1.6316048232734761e+00
1.6322048876281008e+00
1.6319767980257716e+00
1.6316894954813232e+00
1.6319506317472512e+00
1.6327302829015331e+00
1.6319315866456356e+00
1.6319615415594968e+00
1.6331550686137308e+00
1.6324549675223539e+00
1.6322147070299631e+00
1.6324682552991221e+00
1.6300535572973558e+00
1.6304623200095700e+00
1.6323251031298054e+00
1.6313922457133421e+00
1.6322252322266022e+00
1.6320610520500445e+00
1.6329418530167503e+00
1.6304964062485405e+00
1.6328184029762385e+00
1.6306831412736733e+00
1.6322215826387574e+00
1.6323458782725977e+00
1.6318138614736550e+00
1.6304010418348063e+00
1.6326101862636555e+00
1.6341898781665247e+00
1.6326945233930634e+00
1.6325145478121030e+00
1.6324596912294633e+00
1.6315233094372059e+00
1.6310479892547687e+00
1.6323194861076582e+00
1.6327562452800510e+00
1.6326008659968336e+00
1.6318972493014008e+00
1.6317139165965235e+00
1.6309899705306747e+00
1.6327368962137088e+00
1.6324927103787044e+00
1.6317993940757269e+00
1.6330343115821195e+00
1.6321412082223856e+00
1.6318950435898312e+00
1.6319071389344733e+00
1.6314271202121187e+00
1.6310729844662160e+00
1.6306175832934786e+00
1.6307637315399783e+00
1.6312978336272883e+00
1.6336241519419603e+00
1.6313172526745883e+00
1.6324113316159543e+00
1.6330056352487892e+00
1.6297692359827827e+00
1.6310766362622393e+00
1.6315665138932274e+00
1.6314014707687321e+00
1.6331629101621952e+00
1.6311806482184883e+00
1.6318541738198744e+00
1.6310115151898139e+00
1.6339681994968300e+00
1.6330594012502013e+00
1.6318410467812166e+00
1.6336608449470063e+00
1.6308038132926617e+00
1.6311772494038232e+00
1.6316646887343100e+00
1.6315615446859577e+00
1.6320945406700029e+00
1.6306615446008308e+00
1.6322293406741348e+00
1.6320075009352188e+00
1.6316236668265356e+00
1.6326057182219451e+00
1.6329281163135261e+00
1.6329235302039680e+00
1.6318320413123923e+00
1.6310968730994329e+00
1.6333916953453615e+00
1.6312327830427982e+00
1.6315131664083320e+00
1.6302565378612179e+00
1.6326688715662938e+00
1.6294384554411057e+00
1.6325666829570824e+00
1.6316155411753455e+00
1.6314807227709023e+00
1.6336499985793789e+00
1.6327117626118299e+00
1.6306156182285791e+00
1.6322251456386323e+00
1.6321264629656689e+00
1.6304953810144720e+00
1.6331334890312825e+00
1.6326432410501646e+00
1.6319072577052838e+00
1.6323087431320837e+00
1.6321357952895816e+00
1.6303302099545840e+00
1.6310735637209901e+00
1.6336082272835430e+00
1.6312941136499717e+00
1.6330372105826731e+00
1.6320840814035551e+00
1.6312865478934189e+00
1.6319931437899882e+00
1.6322364106257146e+00
1.6335939681361407e+00
1.6314454231819255e+00
1.6319352916353516e+00
1.6315793067175939e+00
1.6307191643874186e+00
1.6331840683165559e+00
1.6324930090444847e+00
1.6349643126494062e+00
1.6313547144464320e+00
1.6316115403101155e+00
1.6324903565427493e+00
1.6320778377122518e+00
1.6311110509455387e+00
1.6311581102065345e+00
1.6312628733004635e+00
1.6305998413328404e+00
1.6321872291273374e+00
1.6302017964393858e+00
1.6328100637018308e+00
1.6328729298688374e+00
1.6310177693259491e+00
1.6327197114732528e+00
1.6318645956147384e+00
1.6317861837568930e+00
1.6311449356599244e+00
1.6297011420295233e+00
1.6323683902042099e+00
1.6307699032242720e+00
1.6318782136732151e+00
1.6334002585383243e+00
1.6318298272582621e+00
1.6325238756733422e+00
1.6322612349757133e+00
1.6317440765993256e+00
1.6324828146330004e+00
1.6320606226348948e+00
1.6315954278223881e+00
1.6314653406795439e+00
1.6316166419452842e+00
1.6326842570157170e+00
1.6324762314516892e+00
1.6342528508165330e+00
1.6349712575160307e+00
1.6311931675140454e+00
1.6317218334568901e+00
1.6305534347427288e+00
1.6341066989246389e+00
1.6303760296619623e+00
1.6312674643389018e+00
1.6323172981177092e+00
1.6307595545998141e+00
1.6318900770023967e+00
1.6346911999652054e+00
1.6303825920890063e+00
1.6325722826929285e+00
1.6333767256304248e+00
1.6313392477690623e+00
1.6303886136868211e+00
1.6328204578115271e+00
1.6312853454706899e+00
1.6317256468371777e+00
1.6317990490703678e+00
1.6303792869408575e+00
1.6324651694345482e+00
1.6322759606049955e+00
1.6323595615317255e+00
1.6306785619274844e+00
1.6325018806600049e+00
1.6328462595543314e+00
1.6315230513076255e+00
1.6329043774234369e+00
1.6322292755417176e+00
1.6322428647685820e+00
1.6331453314857256e+00
1.6341513208299234e+00
1.6319873254150750e+00
1.6331440493226266e+00
1.6324695874590984e+00
1.6314385579566477e+00
1.6313334036219236e+00
1.6306545774390699e+00
1.6319405525836834e+00
1.6310689925357529e+00
1.6332673331779315e+00
1.6315563120639940e+00
1.6323673930491864e+00
1.6306950000420524e+00
1.6314598673197460e+00
1.6322886126606027e+00
1.6299882224900644e+00
1.6302370649622084e+00
1.6315451696345569e+00
1.6338791633843111e+00
1.6306625474707006e+00
1.6305015367868196e+00
1.6318944752033233e+00
1.6320999379372279e+00
1.6318092065195446e+00
1.6321969052654060e+00
1.6323887431357054e+00
1.6319085797433903e+00
1.6316726805674293e+00
1.6311039552839339e+00
1.6317980204713938e+00
1.6316507138462171e+00
1.6315816236944849e+00
1.6326102193560252e+00
1.6311414265342359e+00
1.6319253125488693e+00
1.6327393926669276e+00
1.6315622367806373e+00
1.6312007096240302e+00
1.6318015262168064e+00
1.6317023678026221e+00
1.6341129389051925e+00
1.6324052126098298e+00
1.6327693744429355e+00
1.6307270649642689e+00
1.6317819496001631e+00
1.6326102387072885e+00
1.6327725670898787e+00
1.6307955111083090e+00
1.6323959628902938e+00
1.6312545601955266e+00
1.6320524886713663e+00
1.6319113681381014e+00
1.6306914280255476e+00
1.6315813129759191e+00
1.6305231750239486e+00
1.6289644067492792e+00
1.6341992090751574e+00
1.6319206864905296e+00
1.6323916476313902e+00
1.6313961697493591e+00
1.6325366467116911e+00
1.6334225093381998e+00
1.6315162024085414e+00
1.6320267623105624e+00
1.6328408177637883e+00
1.6329786923740568e+00
1.6304000540317249e+00
1.6314560788476462e+00
1.6322909468786315e+00
1.6335083033774140e+00
1.6330035439760207e+00
1.6313796806207215e+00
1.6318870978226352e+00
1.6322135488293774e+00
1.6330465662049944e+00
1.6309799228194528e+00
1.6330911935614849e+00
1.6326172498180420e+00
1.6317409759642412e+00
1.6301224853895260e+00
1.6342885611083222e+00
1.6323867176173983e+00
1.6302407760456681e+00
1.6326806783314887e+00
1.6316560904134545e+00
1.6314728280098596e+00
1.6318810493229681e+00
1.6333425118123976e+00
1.6313580842757356e+00
1.6302290309457237e+00
1.6327017952686684e+00
1.6309383220024101e+00
1.6310072301658181e+00
1.6325293201055795e+00
1.6311105634551137e+00
1.6321954131375331e+00
1.6315850377287775e+00
1.6330980260658623e+00
1.6318806868759432e+00
1.6349927002465188e+00
1.6323215575400192e+00
1.6321475873609363e+00
1.6314410134611068e+00
1.6310131189209953e+00
1.6321035814392715e+00
1.6318755443883390e+00
1.6311090264043211e+00
1.6323938644926981e+00
1.6317268208025091e+00
1.6287533639826379e+00
1.6312453114738323e+00
1.6320387237857896e+00
1.6314148174886978e+00
1.6314283175773985e+00
1.6323433014817534e+00
1.6319523099269078e+00
1.6311650712263677e+00
1.6327396421769862e+00
1.6320065879339367e+00
1.6326769134989370e+00
1.6312835189109673e+00
1.6323982727667923e+00
1.6323109269516674e+00
1.6326833991896821e+00
1.6336157387096852e+00
1.6305697895927835e+00
1.6323228104344119e+00
1.6325671117309453e+00
1.6326706488926879e+00
1.6307901866827197e+00
1.6309438704115684e+00
1.6333898774569675e+00
1.6318393114164882e+00
1.6341638398815301e+00
1.6303323619686916e+00
1.6311671217758563e+00
1.6321091742323837e+00
1.6332500119994144e+00
1.6311792030880896e+00
1.6328819587673482e+00
1.6314525046738257e+00
1.6318458065940398e+00
1.6326320306003947e+00
1.6313551208742625e+00
1.6314023565574447e+00
1.6318835226042632e+00
1.6305323893582269e+00
1.6304333397082014e+00
1.6326298461681032e+00
1.6308152504223414e+00
1.6321083422297409e+00
1.6313554290037415e+00
1.6322331573535882e+00
1.6316098238194661e+00
1.6333807551595025e+00
1.6320929349790689e+00
1.6330043604206581e+00
1.6304073456575563e+00
1.6301519359724308e+00
1.6323080158791317e+00
1.6313988466168705e+00
1.6326048574807028e+00
1.6314384722148796e+00
1.6318848264359016e+00
1.6318683640748601e+00
1.6335567807991909e+00
1.6318749943584951e+00
1.6337279091093004e+00
1.6330074416816323e+00
1.6309796482589283e+00
1.6327575150614930e+00
1.6333139208803897e+00
1.6327060738304480e+00
1.6311875678706307e+00
1.6318338697681811e+00
1.6306851780296188e+00
1.6331097599581801e+00
1.6331569254466718e+00
1.6303367805761872e+00
1.6330349234084405e+00
1.6325838788390314e+00
1.6310767709148646e+00
1.6325842012439020e+00
1.6319926218473586e+00
1.6320335781378394e+00
1.6319485428008866e+00
1.6309511215708310e+00
1.6320238040017760e+00
1.6304495250421276e+00
1.6302069751665675e+00
1.6331522742915110e+00
1.6319457119624974e+00
1.6341130738883598e+00
1.6318076663996572e+00
1.6319163754139434e+00
1.6306837147295203e+00
1.6316836282062190e+00
1.6335220111892503e+00
1.6303669026904488e+00
1.6326334641915015e+00
1.6326386215735329e+00
1.6319705794154804e+00
1.6313619879601970e+00
1.6304090694077271e+00
1.6317765781944142e+00
1.6317177713774160e+00
1.6319554645261918e+00
1.6315858977212139e+00
1.6313048808235344e+00
1.6321475128898839e+00
1.6308658088703354e+00
1.6303888258149348e+00
1.6302686624787195e+00
1.6323797549249781e+00
1.6315854329122115e+00
1.6322444115841948e+00
1.6309180667780887e+00
1.6331703246403368e+00
1.6329711992816289e+00
1.6320821372967305e+00
1.6331850531136995e+00
1.6326744364040515e+00
1.6300613224736269e+00
1.6316730186518311e+00
1.6306774676047535e+00
1.6307115702800488e+00
1.6314175680867895e+00
1.6310515112964739e+00
1.6322776990619163e+00
1.6316150247716088e+00
1.6304924268054113e+00
1.6317974922796066e+00
1.6304901324353127e+00
1.6313596419576599e+00
1.6316070377012781e+00
1.6319241151016981e+00
1.6314473650518395e+00
1.6327412980388452e+00
1.6309834427257630e+00
1.6309491497010244e+00
1.6313692405010649e+00
1.6320826961943977e+00
1.6314398898867895e+00
1.6308987755056519e+00
1.6309255486486234e+00
1.6329826403051224e+00
1.6321667216317404e+00
1.6303928211526568e+00
1.6323713584232939e+00
1.6318409777871437e+00
1.6304631182839358e+00
1.6316984953157241e+00
1.6318091571109343e+00
1.6320069353444719e+00
1.6313770870575226e+00
1.6342464476455327e+00
1.6305556809476225e+00
1.6324655772932315e+00
1.6309147293455679e+00
1.6309880861653054e+00
1.6299787002223947e+00
1.6308308449758264e+00
1.6331717489742186e+00
1.6320071742261115e+00
1.6310514860360443e+00
1.6317232348812971e+00
1.6323622319288096e+00
1.6314582137665012e+00
1.6312014159118176e+00
1.6323055210515061e+00
1.6322886867979851e+00
1.6324532279133390e+00
1.6330010211622263e+00
1.6330115940869987e+00
1.6309362957014688e+00
1.6320727639928840e+00
1.6308239936206907e+00
1.6323357460021239e+00
1.6325609035288109e+00
1.6311379997464566e+00
1.6321224021812799e+00
1.6311092517558521e+00
1.6319269066694997e+00
1.6310432630734299e+00
1.6322565210587268e+00
1.6320313587002266e+00
1.6312322758764366e+00
1.6304781655059071e+00
1.6326720363555156e+00
1.6311332377652439e+00
1.6318415794233156e+00
1.6311860624781640e+00
1.6326009258161724e+00
1.6323515038512757e+00
1.6330752192892570e+00
1.6312254139104860e+00
1.6316664100276326e+00
1.6326582294060119e+00
1.6326025720880775e+00
1.6313894615038613e+00
1.6302922692777100e+00
1.6317654386754108e+00
1.6313816894509772e+00
1.6324735488783133e+00
1.6311025874301306e+00
1.6318321802137734e+00
1.6306099007682375e+00
1.6321841258713539e+00
1.6330057021832836e+00
1.6311777054802994e+00
1.6308584689953434e+00
1.6328327955590194e+00
1.6319714661813369e+00
1.6317285761066955e+00
1.6316697801143436e+00
1.6330214125346081e+00
1.6324157525117844e+00
1.6312535928325447e+00
1.6333030948026237e+00
1.6311533653314787e+00
1.6332681355374881e+00
1.6315408764957633e+00
1.6323281085540293e+00
1.6318324508055932e+00
1.6321788015814445e+00
1.6307127042397973e+00
1.6325043009556952e+00
1.6308605557044364e+00
1.6337317458255007e+00
1.6316912558437044e+00
1.6314000823841859e+00
1.6338482072485281e+00
1.6313268201697764e+00
1.6318636135879949e+00
1.6329278882721259e+00
1.6331542017857541e+00
1.6318031924461684e+00
1.6314435992750813e+00
1.6309734697211997e+00
1.6329135618925943e+00
1.6301329112987619e+00
1.6313614260904836e+00
1.6328356541187468e+00
1.6324958934022957e+00
1.6320072266779759e+00
1.6313994962980334e+00
1.6327493408410059e+00
1.6320324953990357e+00
1.6315151502884486e+00
1.6327126549349971e+00
1.6301198130168655e+00
1.6319832747823622e+00
1.6305137474885114e+00
1.6316108434510195e+00
1.6317942342516549e+00
1.6322417624925132e+00
1.6326162858557762e+00
1.6320055779673290e+00
1.6311261406420479e+00
1.6331806719867146e+00
1.6333792037152961e+00
1.6316555957376990e+00
1.6311017964826975e+00
1.6314346691238777e+00
1.6318699912211900e+00
1.6314737184643180e+00
1.6324271111538105e+00
1.6309318922029175e+00
1.6329665258649171e+00
1.6318058394649448e+00
1.6322427326040609e+00
1.6319023792328309e+00
1.6313854204149378e+00
1.6312994216268077e+00
1.6301831149616448e+00
1.6312994333415676e+00
1.6314422196924621e+00
1.6329263525496283e+00
1.6315460395134438e+00
1.6324219784776244e+00
1.6323253716930923e+00
1.6328783724462890e+00
1.6315977329735125e+00
1.6331222435920014e+00
1.6314583324921483e+00
1.6311980471233811e+00
1.6316423655778427e+00
1.6309823841429447e+00
1.6325527154878170e+00
1.6308903774228849e+00
1.6324017465822791e+00
1.6317857482815701e+00
1.6337207415589927e+00
1.6319759087165393e+00
1.6318670759080531e+00
1.6329591430514980e+00
1.6324939964927279e+00
1.6303427781252040e+00
1.6317931060277280e+00
1.6325531515355611e+00
1.6312209028973375e+00
1.6311487472939421e+00
1.6316191080207856e+00
1.6307978296209846e+00
1.6322092028701243e+00
1.6316238669936840e+00
1.6312900985825631e+00
1.6318780057055762e+00
1.6310870171989182e+00
1.6318993957078454e+00
1.6320987871915029e+00
1.6331193326022793e+00
1.6306787671178273e+00
1.6311602490475443e+00
1.6320266765100733e+00
1.6339431380240839e+00
1.6316557342206206e+00
1.6331013951753155e+00
1.6309022212857034e+00
1.6309253739771301e+00
1.6316082674890562e+00
1.6317521024640198e+00
1.6317963874903960e+00
1.6335310946231436e+00
1.6336430245635707e+00
1.6321476099651115e+00
1.6319846864325023e+00
1.6303359046214507e+00
1.6314422535313433e+00
1.6302037612182203e+00
1.6326401935963251e+00
1.6323403269834249e+00
1.6321228750911891e+00
1.6323391446882274e+00
1.6321070296888884e+00
1.6301388426956720e+00
1.6321537968781776e+00
1.6315823155911406e+00
1.6321856715115020e+00
1.6317593444788538e+00
1.6315787136871760e+00
1.6317906223093577e+00
1.6332775305779412e+00
1.6325460813284203e+00
1.6305285545580859e+00
1.6315878112026441e+00
1.6320548610657633e+00
1.6311998008198576e+00
1.6318845002861249e+00
1.6325914485640896e+00
1.6331161182207468e+00
1.6323396908170675e+00
1.6308070385993556e+00
1.6320878207370944e+00
1.6311843789810854e+00
1.6322956010858276e+00
1.6319855538033901e+00
1.6293895066669044e+00
1.6315878922507803e+00
1.6316058970128531e+00
1.6339099619415542e+00
1.6299077013592231e+00
1.6331546945434883e+00
1.6315848606569510e+00
1.6314007910415831e+00
1.6312792944890515e+00
1.6323751840936209e+00
1.6333208231973069e+00
1.6316548477394239e+00
1.6313234563421672e+00
1.6321129732107016e+00
1.6314010010540025e+00
1.6306784194456394e+00
1.6328583293303043e+00
1.6320925682420029e+00
1.6303790865198540e+00
1.6319711261380108e+00
1.6314815156437057e+00
1.6327625322716828e+00
1.6313708118702126e+00
1.6342842514028741e+00
1.6316960631964412e+00
1.6312048294184511e+00
1.6329755135003545e+00
1.6306138454096755e+00
1.6333154721611767e+00
1.6319394217409853e+00
1.6315491343247097e+00
1.6316527332230311e+00
1.6318525597551008e+00
1.6315109009445354e+00
1.6316789510193017e+00
1.6310282083558325e+00
1.6323185018371273e+00
1.6314248524096187e+00
1.6326504159128206e+00
1.6316188322303298e+00
1.6322104039178764e+00
1.6321951723991859e+00
1.6321963461010323e+00
1.6305028781884185e+00
1.6300735568229794e+00
1.6315526753682021e+00
1.6301901636899714e+00
1.6320396404921833e+00
1.6317255473067849e+00
1.6308551567455301e+00
1.6326604575336638e+00
1.6318822859674045e+00
1.6328576577799894e+00
1.6311036426656595e+00
1.6320168651250506e+00
1.6312821147790626e+00
1.6312645555806764e+00
1.6323985702077997e+00
1.6313957210055616e+00
1.6310255839786836e+00
1.6303650844588211e+00
1.6311661914638438e+00
1.6311909451929096e+00
1.6329759860829445e+00
1.6303614107522988e+00
1.6318225719922494e+00
1.6311484667841276e+00
1.6310528247081930e+00
1.6293453918360874e+00
1.6326656770447465e+00
1.6325724965300357e+00
1.6315172294220450e+00
1.6323770702145151e+00
1.6328826690636795e+00
1.6301928974233164e+00
1.6326183155223837e+00
1.6319655230389782e+00
1.6330284014340064e+00
1.6333616661228632e+00
1.6325111722641581e+00
1.6332119894233841e+00
1.6315629691211022e+00
1.6311731478566489e+00
1.6319464273693491e+00
1.6318204803568768e+00
1.6334796373582203e+00
1.6324235800857956e+00
1.6321115620969660e+00
1.6329238599449032e+00
1.6306428020583599e+00
1.6305872330914086e+00
1.6314591058634240e+00
1.6327222140917315e+00
1.6320832455146710e+00
1.6339749922125344e+00
1.6316603316157947e+00
1.6314725341028029e+00
1.6307212712364891e+00
1.6327841660836826e+00
1.6337426694710675e+00
1.6314709998515260e+00
1.6318244583488302e+00
1.6322936607237060e+00
1.6332708275604699e+00
1.6321095717967744e+00
1.6335017107034504e+00
1.6306235969622846e+00
1.6314219784816901e+00
1.6321122198663895e+00
1.6322140625733499e+00
1.6323143022738527e+00
1.6307641063599065e+00
1.6327017647235100e+00
1.6320338270902328e+00
1.6311139019561591e+00
1.6332441826916038e+00
1.6309239918873975e+00
1.6339233548192702e+00
1.6326585435731611e+00
1.6321633352755791e+00
1.6323127681042282e+00
1.6325813951907400e+00
1.6300331701788533e+00
1.6308599750054535e+00
1.6323878361080530e+00
1.6310988313462293e+00
1.6304201694219542e+00
1.6325346144334831e+00
1.6323888784011573e+00
1.6308739137524051e+00
1.6312445250644543e+00
1.6327123719748804e+00
1.6330138483702439e+00
1.6328183216758545e+00
1.6309235217881768e+00
1.6315765334687253e+00
1.6323468466185571e+00
1.6326527328395881e+00
1.6317120979792743e+00
1.6312313216972425e+00
1.6317144428133277e+00
1.6319633047633630e+00
1.6335136124937009e+00
1.6333733243836623e+00
1.6327584967210251e+00
1.6308339608600735e+00
1.6325943114328687e+00
1.6301019951797477e+00
1.6326384977801911e+00
1.6320645553119528e+00
1.6305869956373553e+00
1.6310420529357710e+00
1.6318529321060899e+00
1.6302122240746466e+00
1.6319939502698264e+00
1.6330042356233025e+00
1.6317246065520172e+00
1.6311771613294701e+00
1.6328186508485509e+00
1.6331518343628046e+00
1.6333470710683289e+00
1.6312060198350529e+00
1.6322836101136142e+00
1.6325189692669781e+00
1.6323968547948855e+00
1.6308181540784332e+00
1.6314510641663185e+00
1.6317401668435274e+00
1.6315152030932494e+00
1.6310115085847583e+00
1.6332448595663722e+00
1.6322180620490956e+00
1.6313826080342497e+00
1.6302805011756214e+00
1.6306736875491950e+00
1.6323382871759657e+00
1.6317918407540233e+00
1.6332399837543925e+00
1.6309889124517247e+00
1.6330503332544801e+00
1.6309831568881923e+00
1.6317273316483702e+00
1.6299486053313332e+00
1.6321699172265081e+00
1.6320617078020228e+00
1.6316843330077797e+00
1.6327066457843553e+00
1.6318507640353510e+00
1.6320037626462092e+00
1.6321344986498800e+00
1.6319723941295055e+00
1.6309748148154082e+00
1.6316089997131202e+00
1.6319532612964351e+00
1.6331149311109554e+00
1.6323593141990209e+00
1.6318668561339909e+00
1.6306034567906851e+00
1.6321189188125296e+00
1.6316547593193940e+00
1.6312493518537545e+00
1.6321226810344025e+00
1.6336823140916588e+00
1.6315104429405780e+00
1.6320529386060805e+00
1.6309339379686003e+00
1.6325163525394906e+00
1.6334074091071487e+00
1.6319129288470673e+00
1.6318777650049856e+00
1.6319302730761045e+00
1.6319459990645526e+00
1.6301902932175421e+00
1.6301421805726775e+00
1.6316819966213176e+00
1.6317234412432202e+00
1.6316476531491868e+00
1.6321316244169328e+00
1.6315631548945735e+00
1.6298505826696010e+00
1.6313498825494894e+00
1.6316794852445935e+00
1.6308734465744317e+00
1.6315940579402295e+00
1.6318858251476325e+00
1.6312471033597220e+00
1.6309881357828160e+00
1.6335900330839970e+00
1.6304884067392686e+00
1.6333930234563032e+00
1.6316474371283547e+00
1.6331330160444524e+00
1.6310107769003139e+00
1.6297834990518556e+00
1.6331090444933403e+00
1.6308897612575302e+00
1.6316985859479347e+00
1.6325116346023119e+00
1.6297392371239674e+00
1.6322904205821309e+00
1.6295611312924922e+00
1.6329661896860863e+00
1.6329193374564259e+00
1.6331742267472635e+00
1.6321857405455802e+00
1.6309524830667104e+00
1.6322744424154079e+00
1.6313682164560510e+00
1.6321723303679536e+00
1.6330774068834464e+00
1.6330461392298898e+00
1.6325520260027697e+00
1.6325599882666595e+00
1.6316691648286197e+00
1.6310542640474004e+00
1.6319067203488902e+00
1.6305648497246763e+00
1.6310671908313730e+00
1.6317779107631363e+00
1.6333764205590011e+00
1.6319635758951867e+00
1.6316916181843180e+00
1.6311009332348079e+00
1.6305959795930811e+00
1.6337511263190008e+00
1.6327662590209262e+00
1.6323249596111926e+00
1.6307897398467421e+00
1.6324064428787350e+00
1.6309099346985192e+00
1.6310709110484274e+00
1.6321790911330274e+00
1.6341718497702802e+00
1.6324358265981533e+00
1.6331290557913765e+00
1.6303996797638283e+00
1.6325705446689103e+00
1.6317114463427478e+00
1.6317952160608935e+00
1.6307906787250064e+00
1.6325507503807719e+00
1.6313132998934661e+00
1.6310745456024835e+00
1.6311589047880364e+00
1.6307366329072610e+00
1.6317788027890832e+00
1.6325205449780726e+00
1.6300117118164426e+00
1.6332861155717866e+00
1.6322781338430852e+00
1.6325144544975478e+00
1.6330487046280970e+00
1.6326387730995782e+00
1.6314067730976676e+00
1.6303402324573624e+00
1.6313869682286097e+00
1.6314425453903696e+00
1.6313808791325326e+00
1.6334574609689365e+00
1.6307554911768689e+00
1.6324497385853247e+00
1.6318891015505759e+00
1.6326047662110414e+00
1.6308251198308406e+00
1.6322320381551509e+00
1.6326949621574958e+00
1.6317769182138500e+00
1.6341685367881649e+00
1.6331141921490069e+00
1.6321872101099137e+00
1.6324612745987228e+00
1.6307593523508661e+00
1.6304016495362657e+00
1.6319569411289305e+00
1.6323739883541488e+00
1.6331761621552703e+00
1.6324658926935047e+00
1.6324966640892489e+00
1.6314835011445219e+00
1.6329099515850296e+00
1.6326059737551624e+00
1.6328441440035557e+00
1.6308983999019013e+00
1.6316799483048676e+00
1.6308585545341965e+00
1.6300189301360295e+00
1.6325403787749946e+00
1.6324820389076289e+00
1.6326906082186945e+00
1.6316506612496120e+00
1.6334482854365711e+00
1.6318725203434525e+00
1.6308036191209785e+00
1.6304030510511991e+00
1.6314831828963177e+00
1.6318091192272755e+00
1.6300230358340817e+00
1.6322035120583946e+00
1.6319435533085693e+00
1.6322365171053037e+00
1.6330408879309761e+00
1.6311244090690169e+00
1.6328019365170028e+00
1.6316115377393239e+00
1.6324352306323697e+00
1.6305768795861342e+00
1.6319949335978865e+00
1.6327802627372712e+00
1.6330648025032957e+00
1.6323935138371211e+00
1.6318592862947665e+00
1.6327440325760907e+00
1.6326842823188956e+00
1.6334944774097835e+00
1.6328831315661243e+00
1.6329675718825993e+00
1.6302020755898998e+00
1.6324591938601465e+00
1.6317669701278366e+00
1.6321628911694173e+00
1.6315754881521221e+00
1.6314961976655487e+00
1.6345644937559971e+00
1.6329783346763882e+00
1.6316534868477999e+00
1.6329381771091929e+00
1.6324595969936715e+00
1.6334959420349322e+00
1.6316984750147168e+00
1.6316141516533376e+00
1.6293289955885537e+00
1.6322729561938660e+00
1.6320476469499210e+00
1.6320419987844264e+00
1.6331090005582185e+00
1.6325294047142833e+00
1.6316262144540683e+00
1.6308859662484843e+00
1.6319992585563297e+00
1.6324867979379647e+00
1.6321057422880587e+00
1.6324966129924987e+00
1.6322084189060417e+00
1.6320410723405492e+00
1.6343411134046351e+00
1.6331132571202227e+00
1.6329794447648120e+00
1.6301276641844573e+00
1.6327665298722795e+00
1.6317825580878518e+00
1.6326013223669256e+00
1.6329871420665005e+00
1.6323015985337332e+00
1.6310120581342660e+00
1.6324401168079221e+00
1.6312280404213797e+00
1.6317657595490580e+00
1.6300940818875422e+00
1.6336365737389573e+00
1.6332554329648492e+00
1.6321591663637145e+00
1.6294564375074225e+00
1.6327596453972950e+00
1.6325076682245359e+00
1.6321104469886645e+00
1.6311137193299179e+00
1.6326002664712891e+00
1.6329249947768021e+00
1.6322843348188760e+00
1.6304050980757310e+00
1.6315326981439693e+00
1.6307792257386988e+00
1.6305320307818887e+00
1.6326737620869245e+00
1.6318678222102645e+00
1.6315343127411819e+00
1.6304475201634059e+00
1.6305984637572262e+00
1.6310622700872428e+00
1.6334061624041400e+00
1.6300395610173235e+00
1.6320037348623988e+00
1.6322104773328669e+00
1.6335040641618237e+00
1.6314976482978401e+00
1.6315819054454830e+00
1.6307941611908177e+00
1.6317941098785920e+00
1.6316650521750968e+00
1.6331066581500366e+00
1.6311893724651607e+00
1.6330872242903807e+00
1.6309216083293854e+00
1.6316583077779840e+00
1.6306897821428419e+00
1.6295027396477231e+00
1.6316111195124263e+00
1.6330798144875169e+00
1.6331711192572589e+00
1.6315945686862983e+00
1.6322080002317800e+00
1.6322169443544263e+00
1.6320259186441251e+00
1.6321669431013603e+00
1.6312433436798253e+00
1.6305724928871257e+00
1.6309426972968495e+00
1.6321773410198106e+00
1.6308364449903456e+00
1.6333180227461692e+00
1.6324618004238634e+00
1.6321694448668838e+00
1.6304553568758251e+00
1.6309660085563757e+00
1.6329325904844212e+00
1.6300314308568573e+00
1.6322365440526037e+00
1.6305709480922412e+00
1.6316840837817848e+00
1.6308847444771981e+00
1.6307787787466916e+00
1.6316944907237227e+00
1.6319304023497034e+00
1.6312920274814213e+00
1.6308187069405409e+00
1.6306852186055802e+00
1.6334462140207615e+00
1.6311316144711532e+00
1.6319229024645763e+00
1.6323498213055554e+00
1.6311247355855654e+00
1.6304078346379391e+00
1.6342106017815428e+00
1.6323100647857351e+00
1.6333548671484373e+00
1.6316403483163673e+00
1.6306766379894300e+00
1.6324474092040229e+00
1.6331801768352625e+00
1.6316079829410244e+00
1.6300388855334602e+00
1.6335420705286707e+00
1.6319115169771754e+00
1.6309961889891720e+00
1.6322220410012500e+00
1.6318701212081721e+00
1.6309593594621894e+00
1.6332647973218262e+00
1.6311148245511256e+00
1.6329885808746170e+00
1.6314673148895864e+00
1.6325990013699347e+00
1.6325088192589043e+00
1.6320718414542861e+00
1.6304083956781663e+00
1.6316743013239297e+00
1.6310296635043919e+00
1.6318386638307609e+00
1.6314796287691027e+00
1.6325990777424917e+00
1.6305486827739568e+00
1.6326105886653617e+00
1.6313260031613603e+00
1.6335452046292787e+00
1.6311179526704227e+00
1.6312831073431642e+00
1.6325341518023546e+00
1.6312697466967458e+00
1.6330940711500264e+00
1.6304826017313361e+00
1.6331834405583758e+00
1.6314224205057126e+00
1.6313667153974130e+00
1.6321685060446440e+00
1.6307440368581883e+00
1.6335650831522590e+00
1.6332314066417633e+00
1.6327329224914502e+00
1.6319584269433414e+00
1.6315416743800659e+00
1.6317214887479341e+00
1.6326015221230066e+00
1.6319924411057962e+00
1.6321093447614874e+00
1.6332556191088008e+00
1.6326456707229038e+00
1.6325712214903760e+00
1.6319637158249451e+00
1.6319580600058001e+00
1.6311235744847097e+00
1.6313662081255651e+00
1.6308597420048283e+00
1.6308558112943394e+00
1.6303178571518058e+00
1.6314592845086326e+00
1.6315679420787865e+00
1.6319157148682530e+00
1.6335693081311522e+00
1.6338030172647875e+00
1.6313928997308007e+00
1.6334886550449048e+00
1.6320292101023599e+00
1.6326351725992936e+00
1.6316086251992910e+00
1.6305189179389852e+00
1.6327857815679978e+00
1.6318472846812155e+00
1.6322081999043003e+00
1.6315167752810606e+00
1.6311609037531452e+00
1.6344930377915747e+00
1.6330254577423395e+00
1.6313266752368731e+00
1.6325515629825522e+00
1.6317259181264301e+00
1.6291363670427046e+00
1.6312407244190692e+00
1.6344506840758763e+00
1.6326842476258308e+00
1.6310033710645200e+00
1.6329156186232168e+00
1.6321297562385089e+00
1.6325049721572844e+00
1.6323590039059879e+00
1.6302109552409874e+00
1.6329835622462150e+00
1.6319100839654890e+00
1.6346700712463931e+00
1.6327723098530824e+00
1.6310752748790449e+00
1.6315059300330108e+00
1.6324865305184213e+00
1.6326263320518106e+00
1.6312005062469728e+00
1.6306711292700491e+00
1.6312984657041201e+00
1.6324547925910915e+00
1.6320650560515002e+00
1.6325537156685750e+00
1.6312417276101514e+00
1.6309433110152540e+00
1.6310695734235534e+00
1.6316907102721385e+00
1.6321907783212388e+00
1.6316283629777815e+00
1.6325556406991475e+00
1.6314655388349615e+00
1.6330004849359196e+00
1.6324367594773463e+00
1.6313173014480606e+00
1.6305358711773912e+00
