PBP: mass 1.400000e-02     5.167411e-03  4.477564e-03  4.049472e-05  4.047677e-05 ( 1 of 1 )
PBP: mass 1.400000e-02     4.811969e-03  5.211541e-03  4.901319e-04  4.902948e-04 ( 1 of 1 )
PBP: mass 1.400000e-02     4.946742e-03  5.516291e-03  2.122772e-04  2.122157e-04 ( 1 of 1 )
PBP: mass 1.400000e-02     5.438958e-03  5.226972e-03  -9.515998e-04  -9.515474e-04 ( 1 of 1 )
PBP: mass 1.400000e-02     5.745053e-03  5.105561e-03  -4.604841e-04  -4.607196e-04 ( 1 of 1 )
PBP: mass 1.400000e-02     4.108411e-03  7.218459e-03  8.847340e-04  8.847367e-04 ( 1 of 1 )
PBP: mass 1.400000e-02     4.722964e-03  6.864965e-03  -6.661012e-04  -6.660745e-04 ( 1 of 1 )
PBP: mass 1.400000e-02     5.103170e-03  6.351797e-03  6.023648e-05  6.034311e-05 ( 1 of 1 )
PBP: mass 1.400000e-02     6.723606e-03  5.282331e-03  -5.632300e-05  -5.661134e-05 ( 1 of 1 )
PBP: mass 1.400000e-02     6.598639e-03  5.294108e-03  6.988482e-04  6.987416e-04 ( 1 of 1 )
PBP: mass 1.400000e-02     6.666482e-03  5.540467e-03  -3.638211e-04  -3.638249e-04 ( 1 of 1 )
PBP: mass 1.400000e-02     5.956607e-03  6.596854e-03  -1.866940e-04  -1.866258e-04 ( 1 of 1 )
PBP: mass 1.400000e-02     6.163340e-03  6.347954e-03  -1.061041e-04  -1.061093e-04 ( 1 of 1 )
PBP: mass 1.400000e-02     5.650812e-03  7.162164e-03  6.874287e-05  6.867535e-05 ( 1 of 1 )
PBP: mass 1.400000e-02     7.677704e-03  5.554092e-03  -9.398961e-04  -9.398420e-04 ( 1 of 1 )
PBP: mass 1.400000e-02     6.973204e-03  6.123805e-03  9.869097e-05  9.867090e-05 ( 1 of 1 )
PBP: mass 1.400000e-02     7.019935e-03  6.185275e-03  -5.811611e-04  -5.809603e-04 ( 1 of 1 )
PBP: mass 1.400000e-02     6.651054e-03  7.241111e-03  -9.345402e-04  -9.349198e-04 ( 1 of 1 )
PBP: mass 1.400000e-02     5.979293e-03  7.317518e-03  1.780125e-04  1.779204e-04 ( 1 of 1 )
PBP: mass 1.400000e-02     6.766615e-03  6.408007e-03  6.060930e-05  6.067945e-05 ( 1 of 1 )
PBP: mass 1.400000e-02     6.921850e-03  6.528668e-03  5.097132e-04  5.096565e-04 ( 1 of 1 )
PBP: mass 1.400000e-02     7.880218e-03  5.615251e-03  -4.527397e-04  -4.527996e-04 ( 1 of 1 )
PBP: mass 1.400000e-02     7.209931e-03  6.360301e-03  -2.789920e-04  -2.788823e-04 ( 1 of 1 )
PBP: mass 1.400000e-02     7.503465e-03  6.545824e-03  -3.403074e-04  -3.403916e-04 ( 1 of 1 )
PBP: mass 1.400000e-02     7.006801e-03  7.341376e-03  7.615140e-04  7.615671e-04 ( 1 of 1 )
PBP: mass 1.400000e-02     6.706520e-03  7.154073e-03  8.232103e-04  8.232755e-04 ( 1 of 1 )
PBP: mass 1.400000e-02     8.473169e-03  6.451361e-03  1.968445e-04  1.969284e-04 ( 1 of 1 )
PBP: mass 1.400000e-02     8.578236e-03  6.413497e-03  -4.533399e-05  -4.553572e-05 ( 1 of 1 )
PBP: mass 1.400000e-02     6.434904e-03  8.001239e-03  1.215334e-03  1.215207e-03 ( 1 of 1 )
PBP: mass 1.400000e-02     7.273711e-03  8.382338e-03  5.808055e-04  5.812953e-04 ( 1 of 1 )
PBP: mass 1.400000e-02     6.992947e-03  8.619749e-03  -1.005656e-03  -1.005510e-03 ( 1 of 1 )
PBP: mass 1.400000e-02     6.801592e-03  7.799448e-03  2.675461e-04  2.676983e-04 ( 1 of 1 )
PBP: mass 1.400000e-02     7.630111e-03  7.258375e-03  5.463101e-04  5.464546e-04 ( 1 of 1 )
PBP: mass 1.400000e-02     7.023884e-03  7.808211e-03  1.223829e-03  1.223442e-03 ( 1 of 1 )
PBP: mass 1.400000e-02     7.366977e-03  7.898218e-03  8.782686e-04  8.781839e-04 ( 1 of 1 )
PBP: mass 1.400000e-02     7.924129e-03  7.362542e-03  5.951193e-05  5.925170e-05 ( 1 of 1 )
PBP: mass 1.400000e-02     7.620909e-03  8.081014e-03  -6.204028e-04  -6.208108e-04 ( 1 of 1 )
PBP: mass 1.400000e-02     8.187221e-03  7.138773e-03  1.901732e-04  1.909231e-04 ( 1 of 1 )
PBP: mass 1.400000e-02     7.914253e-03  8.178844e-03  -5.652833e-04  -5.654316e-04 ( 1 of 1 )
PBP: mass 1.400000e-02     9.144010e-03  7.042436e-03  -2.499056e-05  -2.490832e-05 ( 1 of 1 )
PBP: mass 1.400000e-02     7.988991e-03  8.218959e-03  -1.350186e-03  -1.350803e-03 ( 1 of 1 )
PBP: mass 1.400000e-02     7.138098e-03  8.810616e-03  7.205338e-05  7.198808e-05 ( 1 of 1 )
PBP: mass 1.400000e-02     8.571267e-03  7.587043e-03  -1.062464e-05  -1.057076e-05 ( 1 of 1 )
PBP: mass 1.400000e-02     8.561282e-03  8.292075e-03  -3.074062e-04  -3.073041e-04 ( 1 of 1 )
PBP: mass 1.400000e-02     9.309564e-03  7.887104e-03  1.090189e-03  1.090139e-03 ( 1 of 1 )
PBP: mass 1.400000e-02     9.340115e-03  7.053543e-03  1.945760e-04  1.945478e-04 ( 1 of 1 )
PBP: mass 1.400000e-02     9.969763e-03  7.089902e-03  6.571361e-04  6.572783e-04 ( 1 of 1 )
PBP: mass 1.400000e-02     7.056226e-03  9.852721e-03  1.208068e-04  1.208480e-04 ( 1 of 1 )
PBP: mass 1.400000e-02     8.365812e-03  8.528789e-03  -2.214450e-05  -2.214276e-05 ( 1 of 1 )
PBP: mass 1.400000e-02     8.810469e-03  8.149176e-03  -8.764349e-04  -8.763336e-04 ( 1 of 1 )
PBP: mass 1.400000e-02     8.323496e-03  8.619075e-03  -6.091745e-04  -6.091679e-04 ( 1 of 1 )
PBP: mass 1.400000e-02     8.477805e-03  9.240482e-03  -1.907564e-04  -1.906651e-04 ( 1 of 1 )
PBP: mass 1.400000e-02     8.930570e-03  8.666903e-03  7.101258e-04  7.102603e-04 ( 1 of 1 )
PBP: mass 1.400000e-02     9.710373e-03  8.353195e-03  4.926895e-04  4.925549e-04 ( 1 of 1 )
PBP: mass 1.400000e-02     9.211080e-03  7.673636e-03  -4.515317e-04  -4.517049e-04 ( 1 of 1 )
PBP: mass 1.400000e-02     8.839300e-03  9.449249e-03  3.490655e-04  3.490344e-04 ( 1 of 1 )
PBP: mass 1.400000e-02     8.522085e-03  9.940660e-03  -7.168074e-04  -7.167512e-04 ( 1 of 1 )
PBP: mass 1.400000e-02     8.416972e-03  8.356145e-03  9.479803e-04  9.477980e-04 ( 1 of 1 )
PBP: mass 1.400000e-02     8.850819e-03  8.124192e-03  5.897366e-04  5.897592e-04 ( 1 of 1 )
PBP: mass 1.400000e-02     9.160098e-03  9.649670e-03  -1.130888e-03  -1.130846e-03 ( 1 of 1 )
PBP: mass 1.400000e-02     9.177285e-03  8.539375e-03  -6.360052e-04  -6.357812e-04 ( 1 of 1 )
PBP: mass 1.400000e-02     8.874094e-03  9.683555e-03  9.426636e-05  9.429482e-05 ( 1 of 1 )
PBP: mass 1.400000e-02     8.905865e-03  9.515552e-03  -5.887210e-04  -5.887269e-04 ( 1 of 1 )
PBP: mass 1.400000e-02     8.320478e-03  1.108389e-02  3.849258e-04  3.849118e-04 ( 1 of 1 )
PBP: mass 1.400000e-02     9.906982e-03  9.741574e-03  1.300449e-03  1.300529e-03 ( 1 of 1 )
PBP: mass 1.400000e-02     1.078674e-02  8.865106e-03  -5.614982e-04  -5.613256e-04 ( 1 of 1 )
PBP: mass 1.400000e-02     1.053864e-02  9.462780e-03  6.668617e-04  6.667844e-04 ( 1 of 1 )
PBP: mass 1.400000e-02     1.131433e-02  7.858977e-03  7.999951e-04  8.000796e-04 ( 1 of 1 )
PBP: mass 1.400000e-02     9.657030e-03  9.245614e-03  9.715919e-04  9.715126e-04 ( 1 of 1 )
PBP: mass 1.400000e-02     9.034728e-03  1.014645e-02  -5.720259e-04  -5.721137e-04 ( 1 of 1 )
PBP: mass 1.400000e-02     1.223415e-02  7.311939e-03  1.824649e-04  1.824902e-04 ( 1 of 1 )
PBP: mass 1.400000e-02     1.077892e-02  8.073938e-03  1.078097e-03  1.078052e-03 ( 1 of 1 )
PBP: mass 1.400000e-02     9.909568e-03  1.002309e-02  -8.407214e-04  -8.406779e-04 ( 1 of 1 )
PBP: mass 1.400000e-02     9.899248e-03  9.834758e-03  9.793105e-04  9.794439e-04 ( 1 of 1 )
PBP: mass 1.400000e-02     1.001178e-02  8.895851e-03  3.469949e-05  3.467700e-05 ( 1 of 1 )
PBP: mass 1.400000e-02     1.228856e-02  8.740404e-03  6.231068e-04  6.229862e-04 ( 1 of 1 )
PBP: mass 1.400000e-02     9.354851e-03  1.017986e-02  1.801752e-06  1.895693e-06 ( 1 of 1 )
PBP: mass 1.400000e-02     1.154791e-02  9.317442e-03  -4.766386e-04  -4.767450e-04 ( 1 of 1 )
PBP: mass 1.400000e-02     9.260421e-03  1.057963e-02  5.820706e-04  5.820189e-04 ( 1 of 1 )
PBP: mass 1.400000e-02     1.103574e-02  9.031405e-03  1.836196e-03  1.836083e-03 ( 1 of 1 )
PBP: mass 1.400000e-02     1.034136e-02  9.630532e-03  -4.855083e-04  -4.857648e-04 ( 1 of 1 )
PBP: mass 1.400000e-02     1.024005e-02  9.957999e-03  1.568800e-04  1.569644e-04 ( 1 of 1 )
PBP: mass 1.400000e-02     9.964918e-03  9.226718e-03  4.002206e-04  4.003816e-04 ( 1 of 1 )
PBP: mass 1.400000e-02     9.662517e-03  1.025903e-02  4.938515e-04  4.938645e-04 ( 1 of 1 )
PBP: mass 1.400000e-02     1.144394e-02  8.202713e-03  3.716909e-04  3.717159e-04 ( 1 of 1 )
PBP: mass 1.400000e-02     9.832763e-03  9.265288e-03  1.407989e-03  1.408057e-03 ( 1 of 1 )
PBP: mass 1.400000e-02     1.080013e-02  9.761761e-03  1.621743e-03  1.621699e-03 ( 1 of 1 )
PBP: mass 1.400000e-02     1.127726e-02  9.005414e-03  5.930041e-05  5.934871e-05 ( 1 of 1 )
PBP: mass 1.400000e-02     1.058199e-02  9.057567e-03  3.996253e-04  3.995207e-04 ( 1 of 1 )
PBP: mass 1.400000e-02     9.269193e-03  1.026829e-02  9.540088e-04  9.540901e-04 ( 1 of 1 )
PBP: mass 1.400000e-02     1.014063e-02  1.068190e-02  1.183913e-03  1.183913e-03 ( 1 of 1 )
PBP: mass 1.400000e-02     9.585287e-03  1.072048e-02  -3.351529e-04  -3.352358e-04 ( 1 of 1 )
PBP: mass 1.400000e-02     1.031003e-02  1.006104e-02  -5.510929e-04  -5.510925e-04 ( 1 of 1 )
PBP: mass 1.400000e-02     8.767565e-03  1.159354e-02  -3.551312e-05  -3.547376e-05 ( 1 of 1 )
PBP: mass 1.400000e-02     1.117927e-02  9.167150e-03  4.402185e-04  4.404254e-04 ( 1 of 1 )
PBP: mass 1.400000e-02     1.055536e-02  9.306442e-03  3.724960e-04  3.725327e-04 ( 1 of 1 )
PBP: mass 1.400000e-02     1.021031e-02  9.277588e-03  8.616537e-04  8.616880e-04 ( 1 of 1 )
PBP: mass 1.400000e-02     9.562972e-03  1.001961e-02  9.539632e-04  9.539038e-04 ( 1 of 1 )
PBP: mass 1.400000e-02     1.048443e-02  9.379832e-03  -9.111983e-05  -9.125852e-05 ( 1 of 1 )
PBP: mass 1.400000e-02     9.666923e-03  1.048010e-02  2.712283e-04  2.713073e-04 ( 1 of 1 )
PBP: mass 1.400000e-02     9.997823e-03  7.991628e-03  -3.911412e-04  -3.911236e-04 ( 1 of 1 )
PBP: mass 1.400000e-02     1.127558e-02  9.364179e-03  -1.763521e-03  -1.763342e-03 ( 1 of 1 )
PBP: mass 1.400000e-02     1.018142e-02  9.540225e-03  3.696426e-04  3.695278e-04 ( 1 of 1 )
PBP: mass 1.400000e-02     1.045308e-02  8.889560e-03  -2.315121e-04  -2.315663e-04 ( 1 of 1 )
PBP: mass 1.400000e-02     1.040421e-02  1.019055e-02  -1.484935e-03  -1.484830e-03 ( 1 of 1 )
PBP: mass 1.400000e-02     1.054491e-02  1.096080e-02  1.082869e-04  1.083259e-04 ( 1 of 1 )
PBP: mass 1.400000e-02     1.075118e-02  1.066639e-02  -5.433340e-04  -5.433959e-04 ( 1 of 1 )
PBP: mass 1.400000e-02     1.033719e-02  1.148776e-02  -1.115866e-03  -1.115740e-03 ( 1 of 1 )
PBP: mass 1.400000e-02     9.541422e-03  9.938084e-03  -8.581337e-04  -8.580678e-04 ( 1 of 1 )
PBP: mass 1.400000e-02     9.468481e-03  1.085585e-02  3.461637e-04  3.461119e-04 ( 1 of 1 )
PBP: mass 1.400000e-02     9.797755e-03  1.135708e-02  -4.663367e-04  -4.660886e-04 ( 1 of 1 )
PBP: mass 1.400000e-02     1.250588e-02  1.114204e-02  8.102214e-04  8.102504e-04 ( 1 of 1 )
PBP: mass 1.400000e-02     1.097358e-02  1.049599e-02  -2.136143e-03  -2.136072e-03 ( 1 of 1 )
PBP: mass 1.400000e-02     8.248634e-03  1.353163e-02  -5.597346e-04  -5.596778e-04 ( 1 of 1 )
PBP: mass 1.400000e-02     1.056449e-02  1.263764e-02  5.144708e-04  5.144037e-04 ( 1 of 1 )
PBP: mass 1.400000e-02     1.106609e-02  1.030863e-02  7.791507e-04  7.792878e-04 ( 1 of 1 )
PBP: mass 1.400000e-02     1.018569e-02  9.871697e-03  8.425872e-04  8.426121e-04 ( 1 of 1 )
PBP: mass 1.400000e-02     1.047236e-02  1.068230e-02  5.919523e-04  5.919702e-04 ( 1 of 1 )
PBP: mass 1.400000e-02     1.174034e-02  1.065306e-02  1.167573e-03  1.167609e-03 ( 1 of 1 )
PBP: mass 1.400000e-02     9.004106e-03  1.115722e-02  -3.198227e-04  -3.197806e-04 ( 1 of 1 )
PBP: mass 1.400000e-02     1.309059e-02  7.250434e-03  -1.194402e-05  -1.187948e-05 ( 1 of 1 )
PBP: mass 1.400000e-02     1.013565e-02  1.112102e-02  -5.416912e-04  -5.418092e-04 ( 1 of 1 )
PBP: mass 1.400000e-02     1.046723e-02  9.635429e-03  1.672908e-03  1.672900e-03 ( 1 of 1 )
PBP: mass 1.400000e-02     1.146126e-02  1.089392e-02  -5.690475e-04  -5.690729e-04 ( 1 of 1 )
PBP: mass 1.400000e-02     1.048464e-02  1.169641e-02  2.389748e-04  2.391141e-04 ( 1 of 1 )
PBP: mass 1.400000e-02     9.847597e-03  1.219705e-02  1.184391e-03  1.184381e-03 ( 1 of 1 )
PBP: mass 1.400000e-02     1.062656e-02  1.033641e-02  2.789365e-04  2.790243e-04 ( 1 of 1 )
PBP: mass 1.400000e-02     9.553171e-03  1.093454e-02  3.475840e-04  3.474070e-04 ( 1 of 1 )
PBP: mass 1.400000e-02     1.005206e-02  1.075701e-02  1.399892e-03  1.399848e-03 ( 1 of 1 )
PBP: mass 1.400000e-02     1.100169e-02  8.942309e-03  -2.558067e-04  -2.559204e-04 ( 1 of 1 )
PBP: mass 1.400000e-02     1.041429e-02  1.100988e-02  5.007535e-04  5.008519e-04 ( 1 of 1 )
PBP: mass 1.400000e-02     8.590635e-03  1.364264e-02  9.235356e-04  9.235916e-04 ( 1 of 1 )
PBP: mass 1.400000e-02     1.139497e-02  1.068376e-02  1.986225e-04  1.985652e-04 ( 1 of 1 )
PBP: mass 1.400000e-02     9.605940e-03  1.170291e-02  1.212061e-04  1.212148e-04 ( 1 of 1 )
PBP: mass 1.400000e-02     1.064163e-02  1.041790e-02  5.094728e-05  5.088424e-05 ( 1 of 1 )
PBP: mass 1.400000e-02     1.092823e-02  1.049794e-02  1.664591e-03  1.664654e-03 ( 1 of 1 )
PBP: mass 1.400000e-02     1.047486e-02  1.177560e-02  -3.674639e-04  -3.674690e-04 ( 1 of 1 )
PBP: mass 1.400000e-02     1.197762e-02  1.085846e-02  -1.011204e-03  -1.011122e-03 ( 1 of 1 )
PBP: mass 1.400000e-02     1.154731e-02  1.115132e-02  7.493957e-04  7.496523e-04 ( 1 of 1 )
PBP: mass 1.400000e-02     1.084017e-02  1.104624e-02  -7.353333e-04  -7.353287e-04 ( 1 of 1 )
PBP: mass 1.400000e-02     1.191449e-02  1.014951e-02  -4.811206e-04  -4.810616e-04 ( 1 of 1 )
PBP: mass 1.400000e-02     1.250812e-02  1.023961e-02  1.809357e-04  1.808941e-04 ( 1 of 1 )
PBP: mass 1.400000e-02     1.092013e-02  1.069508e-02  1.645450e-04  1.643095e-04 ( 1 of 1 )
PBP: mass 1.400000e-02     1.207638e-02  1.011903e-02  -9.359300e-06  -9.312419e-06 ( 1 of 1 )
PBP: mass 1.400000e-02     1.036872e-02  1.105717e-02  -6.091711e-04  -6.091673e-04 ( 1 of 1 )
PBP: mass 1.400000e-02     1.117231e-02  9.996736e-03  -6.511861e-04  -6.512260e-04 ( 1 of 1 )
PBP: mass 1.400000e-02     9.515891e-03  1.140861e-02  -8.077871e-04  -8.077452e-04 ( 1 of 1 )
PBP: mass 1.400000e-02     1.110560e-02  1.141633e-02  7.819904e-04  7.819315e-04 ( 1 of 1 )
PBP: mass 1.400000e-02     1.283563e-02  1.108695e-02  8.237274e-04  8.238592e-04 ( 1 of 1 )
PBP: mass 1.400000e-02     1.223098e-02  1.033527e-02  3.662627e-05  3.647416e-05 ( 1 of 1 )
PBP: mass 1.400000e-02     1.172182e-02  1.031211e-02  -7.397918e-04  -7.396889e-04 ( 1 of 1 )
PBP: mass 1.400000e-02     1.011028e-02  1.186669e-02  -3.657545e-05  -3.652368e-05 ( 1 of 1 )
PBP: mass 1.400000e-02     1.241023e-02  1.033688e-02  -4.949693e-04  -4.950187e-04 ( 1 of 1 )
PBP: mass 1.400000e-02     9.948905e-03  1.323567e-02  7.564830e-04  7.564671e-04 ( 1 of 1 )
PBP: mass 1.400000e-02     1.146430e-02  1.182362e-02  3.008138e-04  3.006446e-04 ( 1 of 1 )
PBP: mass 1.400000e-02     1.280866e-02  1.108018e-02  5.393101e-04  5.393533e-04 ( 1 of 1 )
PBP: mass 1.400000e-02     1.181558e-02  1.125622e-02  8.533187e-05  8.532815e-05 ( 1 of 1 )
PBP: mass 1.400000e-02     1.115151e-02  1.065101e-02  -3.418587e-04  -3.419463e-04 ( 1 of 1 )
PBP: mass 1.400000e-02     1.281777e-02  1.030498e-02  -1.688250e-04  -1.688815e-04 ( 1 of 1 )
PBP: mass 1.400000e-02     1.262781e-02  9.623455e-03  3.715014e-05  3.711586e-05 ( 1 of 1 )
PBP: mass 1.400000e-02     1.338983e-02  1.042839e-02  -6.183369e-04  -6.182032e-04 ( 1 of 1 )
PBP: mass 1.400000e-02     1.198995e-02  1.042637e-02  -4.095494e-04  -4.096943e-04 ( 1 of 1 )
PBP: mass 1.400000e-02     1.212323e-02  9.235223e-03  -2.148963e-04  -2.149871e-04 ( 1 of 1 )
PBP: mass 1.400000e-02     1.141707e-02  1.395945e-02  -3.355928e-04  -3.356970e-04 ( 1 of 1 )
PBP: mass 1.400000e-02     1.324262e-02  1.149824e-02  6.383464e-04  6.381094e-04 ( 1 of 1 )
PBP: mass 1.400000e-02     1.121464e-02  1.114919e-02  1.928756e-03  1.928792e-03 ( 1 of 1 )
PBP: mass 1.400000e-02     1.354324e-02  1.299100e-02  5.686389e-04  5.686453e-04 ( 1 of 1 )
PBP: mass 1.400000e-02     1.360878e-02  1.038108e-02  -3.381167e-05  -3.396386e-05 ( 1 of 1 )
PBP: mass 1.400000e-02     1.086824e-02  1.209302e-02  1.239445e-04  1.239431e-04 ( 1 of 1 )
PBP: mass 1.400000e-02     1.244846e-02  1.129743e-02  1.111890e-03  1.111927e-03 ( 1 of 1 )
PBP: mass 1.400000e-02     1.193365e-02  1.187932e-02  3.518587e-04  3.518002e-04 ( 1 of 1 )
PBP: mass 1.400000e-02     1.192345e-02  1.289982e-02  1.812740e-04  1.814069e-04 ( 1 of 1 )
PBP: mass 1.400000e-02     1.100203e-02  1.202811e-02  1.247561e-04  1.247063e-04 ( 1 of 1 )
PBP: mass 1.400000e-02     1.122497e-02  1.114007e-02  1.034767e-03  1.034734e-03 ( 1 of 1 )
PBP: mass 1.400000e-02     1.084459e-02  1.166191e-02  9.317453e-04  9.318609e-04 ( 1 of 1 )
PBP: mass 1.400000e-02     1.301935e-02  9.621258e-03  -6.660434e-04  -6.660910e-04 ( 1 of 1 )
PBP: mass 1.400000e-02     1.011064e-02  1.205340e-02  3.703779e-04  3.704388e-04 ( 1 of 1 )
PBP: mass 1.400000e-02     1.153881e-02  9.786366e-03  9.461417e-04  9.464083e-04 ( 1 of 1 )
PBP: mass 1.400000e-02     1.201900e-02  1.032403e-02  2.093135e-04  2.094156e-04 ( 1 of 1 )
PBP: mass 1.400000e-02     1.030220e-02  1.295341e-02  1.222829e-03  1.222908e-03 ( 1 of 1 )
PBP: mass 1.400000e-02     1.069889e-02  1.283764e-02  -1.720895e-03  -1.720908e-03 ( 1 of 1 )
PBP: mass 1.400000e-02     1.393705e-02  1.130549e-02  6.644028e-05  6.637025e-05 ( 1 of 1 )
PBP: mass 1.400000e-02     1.156630e-02  1.242173e-02  -6.394637e-04  -6.395162e-04 ( 1 of 1 )
PBP: mass 1.400000e-02     1.106355e-02  1.279941e-02  -3.693665e-04  -3.692608e-04 ( 1 of 1 )
PBP: mass 1.400000e-02     1.215945e-02  1.204011e-02  -1.503170e-03  -1.503226e-03 ( 1 of 1 )
PBP: mass 1.400000e-02     1.136002e-02  1.162140e-02  -8.533238e-04  -8.533270e-04 ( 1 of 1 )
PBP: mass 1.400000e-02     1.134611e-02  1.158933e-02  2.020853e-05  2.017518e-05 ( 1 of 1 )
PBP: mass 1.400000e-02     1.272397e-02  1.174533e-02  -3.933613e-04  -3.934690e-04 ( 1 of 1 )
PBP: mass 1.400000e-02     1.131533e-02  1.261030e-02  -3.456702e-04  -3.458054e-04 ( 1 of 1 )
PBP: mass 1.400000e-02     9.810282e-03  1.363919e-02  -3.772714e-04  -3.772670e-04 ( 1 of 1 )
PBP: mass 1.400000e-02     1.368013e-02  1.083162e-02  -3.474889e-04  -3.473982e-04 ( 1 of 1 )
PBP: mass 1.400000e-02     1.225148e-02  1.126122e-02  -2.963480e-04  -2.964538e-04 ( 1 of 1 )
PBP: mass 1.400000e-02     1.102166e-02  1.298298e-02  1.447300e-04  1.445219e-04 ( 1 of 1 )
PBP: mass 1.400000e-02     1.131248e-02  1.043253e-02  -7.149309e-04  -7.148230e-04 ( 1 of 1 )
PBP: mass 1.400000e-02     1.079567e-02  1.341939e-02  -3.815819e-05  -3.813319e-05 ( 1 of 1 )
PBP: mass 1.400000e-02     1.136532e-02  1.381288e-02  3.190106e-04  3.189087e-04 ( 1 of 1 )
PBP: mass 1.400000e-02     1.097379e-02  1.171872e-02  -2.897071e-05  -2.899110e-05 ( 1 of 1 )
PBP: mass 1.400000e-02     1.070635e-02  1.132440e-02  1.102777e-03  1.102831e-03 ( 1 of 1 )
PBP: mass 1.400000e-02     9.535175e-03  1.236361e-02  5.636330e-04  5.636459e-04 ( 1 of 1 )
PBP: mass 1.400000e-02     1.220903e-02  1.173700e-02  3.392826e-04  3.392352e-04 ( 1 of 1 )
PBP: mass 1.400000e-02     1.086814e-02  1.382908e-02  1.691130e-04  1.689515e-04 ( 1 of 1 )
PBP: mass 1.400000e-02     1.108954e-02  1.206289e-02  -1.323784e-03  -1.323849e-03 ( 1 of 1 )
PBP: mass 1.400000e-02     1.070003e-02  1.178432e-02  -4.027178e-04  -4.026358e-04 ( 1 of 1 )
PBP: mass 1.400000e-02     1.232683e-02  1.031320e-02  -2.887040e-05  -2.902346e-05 ( 1 of 1 )
PBP: mass 1.400000e-02     1.161249e-02  1.235430e-02  4.267322e-04  4.267614e-04 ( 1 of 1 )
PBP: mass 1.400000e-02     1.219677e-02  1.145698e-02  -6.568175e-04  -6.566310e-04 ( 1 of 1 )
PBP: mass 1.400000e-02     1.098803e-02  1.307608e-02  -3.711359e-04  -3.710904e-04 ( 1 of 1 )
PBP: mass 1.400000e-02     1.082541e-02  1.244630e-02  3.667010e-04  3.667759e-04 ( 1 of 1 )
PBP: mass 1.400000e-02     1.068496e-02  1.173489e-02  1.862733e-04  1.862601e-04 ( 1 of 1 )
PBP: mass 1.400000e-02     1.281466e-02  1.016044e-02  -9.792667e-04  -9.792483e-04 ( 1 of 1 )
PBP: mass 1.400000e-02     1.219139e-02  1.069307e-02  1.221184e-04  1.222963e-04 ( 1 of 1 )
PBP: mass 1.400000e-02     1.218416e-02  1.053655e-02  2.911270e-05  2.897931e-05 ( 1 of 1 )
PBP: mass 1.400000e-02     1.061938e-02  1.156115e-02  -2.795307e-04  -2.796913e-04 ( 1 of 1 )
PBP: mass 1.400000e-02     1.172031e-02  1.057991e-02  -9.122773e-05  -9.131359e-05 ( 1 of 1 )
PBP: mass 1.400000e-02     1.181825e-02  1.057303e-02  -2.961312e-04  -2.960211e-04 ( 1 of 1 )
PBP: mass 1.400000e-02     1.125467e-02  1.229863e-02  7.645846e-04  7.644467e-04 ( 1 of 1 )
PBP: mass 1.400000e-02     1.128834e-02  1.151039e-02  1.249427e-03  1.249432e-03 ( 1 of 1 )
PBP: mass 1.400000e-02     1.284890e-02  1.089452e-02  4.040235e-04  4.039985e-04 ( 1 of 1 )
PBP: mass 1.400000e-02     1.125094e-02  1.224794e-02  -8.013991e-04  -8.014185e-04 ( 1 of 1 )
PBP: mass 1.400000e-02     1.033723e-02  1.211816e-02  -4.894580e-04  -4.894281e-04 ( 1 of 1 )
PBP: mass 1.400000e-02     1.055738e-02  1.266166e-02  -4.355966e-04  -4.354653e-04 ( 1 of 1 )
PBP: mass 1.400000e-02     1.292696e-02  1.023497e-02  -1.093890e-03  -1.093955e-03 ( 1 of 1 )
PBP: mass 1.400000e-02     1.301448e-02  1.117020e-02  -3.819023e-04  -3.818986e-04 ( 1 of 1 )
PBP: mass 1.400000e-02     1.205244e-02  1.167486e-02  -1.453117e-04  -1.453972e-04 ( 1 of 1 )
PBP: mass 1.400000e-02     1.055338e-02  1.074536e-02  1.415484e-04  1.415912e-04 ( 1 of 1 )
PBP: mass 1.400000e-02     1.217115e-02  1.292835e-02  -8.399711e-04  -8.398697e-04 ( 1 of 1 )
PBP: mass 1.400000e-02     1.181187e-02  1.158490e-02  3.111756e-04  3.113314e-04 ( 1 of 1 )
PBP: mass 1.400000e-02     1.239268e-02  1.063595e-02  -1.456229e-03  -1.456196e-03 ( 1 of 1 )
PBP: mass 1.400000e-02     1.033356e-02  1.221972e-02  -7.951963e-04  -7.952544e-04 ( 1 of 1 )
PBP: mass 1.400000e-02     1.171753e-02  1.043276e-02  8.407519e-04  8.408666e-04 ( 1 of 1 )
PBP: mass 1.400000e-02     1.304201e-02  1.084356e-02  1.719112e-03  1.718949e-03 ( 1 of 1 )
PBP: mass 1.400000e-02     1.189027e-02  1.214757e-02  6.569703e-04  6.568867e-04 ( 1 of 1 )
PBP: mass 1.400000e-02     1.154171e-02  1.071898e-02  7.577158e-04  7.576838e-04 ( 1 of 1 )
PBP: mass 1.400000e-02     1.031501e-02  1.198006e-02  6.147607e-04  6.148300e-04 ( 1 of 1 )
PBP: mass 1.400000e-02     1.235068e-02  1.039389e-02  -4.668794e-04  -4.667931e-04 ( 1 of 1 )
PBP: mass 1.400000e-02     9.309659e-03  1.217528e-02  1.754646e-04  1.753750e-04 ( 1 of 1 )
PBP: mass 1.400000e-02     9.998110e-03  1.241292e-02  2.757429e-04  2.756977e-04 ( 1 of 1 )
PBP: mass 1.400000e-02     1.115461e-02  1.172562e-02  5.211142e-04  5.211157e-04 ( 1 of 1 )
PBP: mass 1.400000e-02     1.023569e-02  1.178297e-02  -3.583597e-04  -3.581521e-04 ( 1 of 1 )
PBP: mass 1.400000e-02     1.010147e-02  1.275947e-02  -7.051474e-04  -7.051339e-04 ( 1 of 1 )
PBP: mass 1.400000e-02     1.187654e-02  1.158736e-02  -1.153513e-03  -1.153628e-03 ( 1 of 1 )
PBP: mass 1.400000e-02     1.165871e-02  1.201327e-02  5.323517e-04  5.323961e-04 ( 1 of 1 )
PBP: mass 1.400000e-02     1.072254e-02  1.283847e-02  1.593055e-03  1.593020e-03 ( 1 of 1 )
PBP: mass 1.400000e-02     1.006790e-02  1.320345e-02  5.249470e-05  5.252944e-05 ( 1 of 1 )
PBP: mass 1.400000e-02     1.063956e-02  1.102572e-02  2.942568e-04  2.940716e-04 ( 1 of 1 )
PBP: mass 1.400000e-02     9.442591e-03  1.200406e-02  3.822763e-04  3.821358e-04 ( 1 of 1 )
PBP: mass 1.400000e-02     1.301128e-02  1.168354e-02  -3.064176e-04  -3.062246e-04 ( 1 of 1 )
PBP: mass 1.400000e-02     1.235111e-02  1.126170e-02  4.546801e-04  4.548052e-04 ( 1 of 1 )
PBP: mass 1.400000e-02     1.265014e-02  1.062097e-02  -7.711279e-04  -7.711295e-04 ( 1 of 1 )
PBP: mass 1.400000e-02     1.086591e-02  1.242293e-02  -1.585559e-04  -1.585037e-04 ( 1 of 1 )
PBP: mass 1.400000e-02     1.191362e-02  1.185109e-02  1.004366e-03  1.004234e-03 ( 1 of 1 )
PBP: mass 1.400000e-02     1.084110e-02  1.164571e-02  9.807455e-04  9.807626e-04 ( 1 of 1 )
PBP: mass 1.400000e-02     1.076876e-02  1.140865e-02  -7.999281e-04  -7.999196e-04 ( 1 of 1 )
PBP: mass 1.400000e-02     1.041669e-02  1.172873e-02  -6.688187e-05  -6.692173e-05 ( 1 of 1 )
PBP: mass 1.400000e-02     1.223090e-02  1.174947e-02  -6.908986e-04  -6.908929e-04 ( 1 of 1 )
PBP: mass 1.400000e-02     1.169780e-02  1.088185e-02  -2.215211e-04  -2.214980e-04 ( 1 of 1 )
PBP: mass 1.400000e-02     1.206203e-02  1.131729e-02  5.212435e-04  5.211892e-04 ( 1 of 1 )
PBP: mass 1.400000e-02     1.293254e-02  1.157264e-02  -4.542086e-04  -4.542534e-04 ( 1 of 1 )
PBP: mass 1.400000e-02     1.098074e-02  1.178368e-02  2.106036e-04  2.105525e-04 ( 1 of 1 )
PBP: mass 1.400000e-02     1.036075e-02  1.187750e-02  4.894391e-04  4.895019e-04 ( 1 of 1 )
PBP: mass 1.400000e-02     1.161756e-02  1.122767e-02  -2.969184e-05  -2.965040e-05 ( 1 of 1 )
PBP: mass 1.400000e-02     1.058765e-02  1.092007e-02  3.340943e-04  3.341025e-04 ( 1 of 1 )
PBP: mass 1.400000e-02     1.170041e-02  1.127700e-02  -1.086581e-03  -1.086734e-03 ( 1 of 1 )
PBP: mass 1.400000e-02     1.062596e-02  1.233427e-02  -1.663129e-04  -1.663269e-04 ( 1 of 1 )
PBP: mass 1.400000e-02     1.035098e-02  1.202696e-02  7.350979e-04  7.352123e-04 ( 1 of 1 )
PBP: mass 1.400000e-02     1.252533e-02  1.139995e-02  1.928357e-04  1.926262e-04 ( 1 of 1 )
PBP: mass 1.400000e-02     1.065096e-02  1.171014e-02  -1.248771e-03  -1.248682e-03 ( 1 of 1 )
PBP: mass 1.400000e-02     1.059087e-02  1.161661e-02  -9.107387e-04  -9.107371e-04 ( 1 of 1 )
PBP: mass 1.400000e-02     1.118455e-02  1.199199e-02  -1.053812e-03  -1.053712e-03 ( 1 of 1 )
PBP: mass 1.400000e-02     1.064444e-02  1.402688e-02  -9.982037e-04  -9.982351e-04 ( 1 of 1 )
PBP: mass 1.400000e-02     1.146848e-02  1.172088e-02  -8.165128e-05  -8.177503e-05 ( 1 of 1 )
PBP: mass 1.400000e-02     1.252011e-02  1.118169e-02  5.853289e-04  5.852067e-04 ( 1 of 1 )
PBP: mass 1.400000e-02     1.233675e-02  1.138693e-02  -6.739921e-04  -6.740916e-04 ( 1 of 1 )
PBP: mass 1.400000e-02     1.157277e-02  1.089290e-02  -1.633982e-03  -1.633875e-03 ( 1 of 1 )
PBP: mass 1.400000e-02     1.192203e-02  1.063997e-02  5.587839e-05  5.594855e-05 ( 1 of 1 )
PBP: mass 1.400000e-02     1.116938e-02  1.161815e-02  2.875588e-04  2.873708e-04 ( 1 of 1 )
PBP: mass 1.400000e-02     1.198449e-02  1.151854e-02  -1.017503e-03  -1.017552e-03 ( 1 of 1 )
PBP: mass 1.400000e-02     1.289593e-02  1.184519e-02  3.657862e-04  3.658158e-04 ( 1 of 1 )
PBP: mass 1.400000e-02     9.915692e-03  1.157475e-02  1.570172e-03  1.569941e-03 ( 1 of 1 )
PBP: mass 1.400000e-02     1.144145e-02  1.233219e-02  -5.670613e-04  -5.671540e-04 ( 1 of 1 )
PBP: mass 1.400000e-02     1.087597e-02  1.271454e-02  1.580686e-03  1.580629e-03 ( 1 of 1 )
PBP: mass 1.400000e-02     1.300108e-02  1.010529e-02  3.707567e-04  3.706340e-04 ( 1 of 1 )
PBP: mass 1.400000e-02     9.693212e-03  1.119275e-02  -8.987011e-04  -8.987128e-04 ( 1 of 1 )
PBP: mass 1.400000e-02     1.263410e-02  1.048394e-02  -2.716679e-04  -2.716140e-04 ( 1 of 1 )
PBP: mass 1.400000e-02     1.372529e-02  1.131627e-02  -4.546275e-04  -4.545629e-04 ( 1 of 1 )
PBP: mass 1.400000e-02     1.065507e-02  1.220627e-02  3.959681e-04  3.959958e-04 ( 1 of 1 )
PBP: mass 1.400000e-02     1.040358e-02  1.331136e-02  1.094192e-03  1.094110e-03 ( 1 of 1 )
PBP: mass 1.400000e-02     1.196239e-02  1.094719e-02  -1.327155e-03  -1.327100e-03 ( 1 of 1 )
PBP: mass 1.400000e-02     1.108881e-02  1.152905e-02  4.441765e-04  4.439362e-04 ( 1 of 1 )
PBP: mass 1.400000e-02     1.103155e-02  1.122804e-02  -7.761949e-04  -7.763184e-04 ( 1 of 1 )
PBP: mass 1.400000e-02     1.166251e-02  1.127892e-02  -1.626222e-03  -1.626318e-03 ( 1 of 1 )
PBP: mass 1.400000e-02     1.189980e-02  1.109657e-02  4.462202e-04  4.463997e-04 ( 1 of 1 )
PBP: mass 1.400000e-02     1.229756e-02  1.099049e-02  2.065874e-04  2.067162e-04 ( 1 of 1 )
PBP: mass 1.400000e-02     1.249061e-02  1.003074e-02  7.570667e-04  7.570337e-04 ( 1 of 1 )
PBP: mass 1.400000e-02     1.121710e-02  1.267962e-02  -1.402324e-03  -1.402276e-03 ( 1 of 1 )
PBP: mass 1.400000e-02     1.098448e-02  1.132088e-02  -5.805422e-04  -5.805324e-04 ( 1 of 1 )
PBP: mass 1.400000e-02     1.095830e-02  1.102738e-02  -1.180673e-03  -1.180670e-03 ( 1 of 1 )
PBP: mass 1.400000e-02     1.273513e-02  1.096654e-02  8.494629e-04  8.493937e-04 ( 1 of 1 )
PBP: mass 1.400000e-02     1.073360e-02  1.139784e-02  1.154075e-04  1.154692e-04 ( 1 of 1 )
PBP: mass 1.400000e-02     1.005090e-02  1.307572e-02  2.784635e-04  2.785744e-04 ( 1 of 1 )
PBP: mass 1.400000e-02     1.186033e-02  1.027321e-02  -9.026082e-04  -9.025562e-04 ( 1 of 1 )
PBP: mass 1.400000e-02     1.145927e-02  1.256413e-02  -4.471491e-04  -4.471015e-04 ( 1 of 1 )
PBP: mass 1.400000e-02     1.135409e-02  9.919487e-03  -1.522688e-04  -1.522544e-04 ( 1 of 1 )
PBP: mass 1.400000e-02     1.069177e-02  1.071690e-02  2.965075e-04  2.964430e-04 ( 1 of 1 )
PBP: mass 1.400000e-02     1.170743e-02  1.104078e-02  -1.152087e-04  -1.151020e-04 ( 1 of 1 )
PBP: mass 1.400000e-02     1.058646e-02  1.366227e-02  5.058689e-04  5.058934e-04 ( 1 of 1 )
PBP: mass 1.400000e-02     1.042259e-02  1.143038e-02  -1.628108e-05  -1.627038e-05 ( 1 of 1 )
PBP: mass 1.400000e-02     1.089807e-02  1.347404e-02  -6.176083e-04  -6.174758e-04 ( 1 of 1 )
PBP: mass 1.400000e-02     1.188117e-02  1.074533e-02  6.799255e-04  6.799638e-04 ( 1 of 1 )
PBP: mass 1.400000e-02     1.287314e-02  1.063465e-02  -4.716226e-04  -4.716978e-04 ( 1 of 1 )
PBP: mass 1.400000e-02     9.515376e-03  1.315430e-02  5.223249e-05  5.223261e-05 ( 1 of 1 )
PBP: mass 1.400000e-02     1.175991e-02  1.192615e-02  9.442270e-04  9.441738e-04 ( 1 of 1 )
PBP: mass 1.400000e-02     1.244285e-02  1.124693e-02  -5.674046e-04  -5.673809e-04 ( 1 of 1 )
PBP: mass 1.400000e-02     1.169873e-02  1.183420e-02  1.241318e-04  1.241243e-04 ( 1 of 1 )
PBP: mass 1.400000e-02     1.037610e-02  1.415190e-02  2.199327e-04  2.200985e-04 ( 1 of 1 )
PBP: mass 1.400000e-02     1.196510e-02  1.163084e-02  -1.994937e-04  -1.994920e-04 ( 1 of 1 )
PBP: mass 1.400000e-02     1.130032e-02  1.184450e-02  3.117107e-06  3.207207e-06 ( 1 of 1 )
PBP: mass 1.400000e-02     1.066632e-02  1.357546e-02  -1.035609e-03  -1.035556e-03 ( 1 of 1 )
PBP: mass 1.400000e-02     1.194330e-02  1.262058e-02  3.331016e-04  3.332218e-04 ( 1 of 1 )
PBP: mass 1.400000e-02     1.174038e-02  1.312088e-02  -3.558935e-04  -3.559486e-04 ( 1 of 1 )
PBP: mass 1.400000e-02     1.151298e-02  1.284075e-02  1.779019e-04  1.779013e-04 ( 1 of 1 )
PBP: mass 1.400000e-02     1.013128e-02  1.353743e-02  4.864614e-04  4.864729e-04 ( 1 of 1 )
PBP: mass 1.400000e-02     1.346440e-02  1.151494e-02  -4.957678e-05  -4.961544e-05 ( 1 of 1 )
PBP: mass 1.400000e-02     9.479017e-03  1.280613e-02  -4.551616e-04  -4.551261e-04 ( 1 of 1 )
PBP: mass 1.400000e-02     9.280991e-03  1.370579e-02  -1.344480e-04  -1.345414e-04 ( 1 of 1 )
PBP: mass 1.400000e-02     1.078823e-02  1.206186e-02  9.616759e-04  9.615366e-04 ( 1 of 1 )
PBP: mass 1.400000e-02     1.022597e-02  1.316581e-02  8.115545e-04  8.115002e-04 ( 1 of 1 )
PBP: mass 1.400000e-02     1.205192e-02  1.295580e-02  -1.227329e-03  -1.227402e-03 ( 1 of 1 )
PBP: mass 1.400000e-02     1.007846e-02  1.260855e-02  3.095273e-04  3.095761e-04 ( 1 of 1 )
PBP: mass 1.400000e-02     1.030466e-02  1.311089e-02  -9.908598e-04  -9.907500e-04 ( 1 of 1 )
PBP: mass 1.400000e-02     1.165911e-02  1.074800e-02  9.869149e-05  9.865715e-05 ( 1 of 1 )
PBP: mass 1.400000e-02     1.337492e-02  1.047068e-02  1.007230e-03  1.007208e-03 ( 1 of 1 )
PBP: mass 1.400000e-02     1.101859e-02  1.255991e-02  5.130078e-04  5.131356e-04 ( 1 of 1 )
PBP: mass 1.400000e-02     1.222838e-02  1.280311e-02  -7.329422e-04  -7.329871e-04 ( 1 of 1 )
PBP: mass 1.400000e-02     1.212709e-02  1.001553e-02  -2.173062e-04  -2.172107e-04 ( 1 of 1 )
PBP: mass 1.400000e-02     1.023916e-02  1.233115e-02  -1.220496e-03  -1.220369e-03 ( 1 of 1 )
PBP: mass 1.400000e-02     1.307212e-02  1.304281e-02  2.722737e-04  2.722847e-04 ( 1 of 1 )
PBP: mass 1.400000e-02     1.002526e-02  1.295190e-02  -2.714392e-04  -2.715475e-04 ( 1 of 1 )
PBP: mass 1.400000e-02     1.230537e-02  9.297794e-03  3.508632e-04  3.507331e-04 ( 1 of 1 )
PBP: mass 1.400000e-02     1.260884e-02  1.143436e-02  2.277187e-04  2.278281e-04 ( 1 of 1 )
PBP: mass 1.400000e-02     1.143778e-02  1.051309e-02  2.859726e-04  2.859623e-04 ( 1 of 1 )
PBP: mass 1.400000e-02     1.212958e-02  1.198544e-02  1.275707e-03  1.275700e-03 ( 1 of 1 )
PBP: mass 1.400000e-02     1.457897e-02  9.065008e-03  -1.648393e-04  -1.648354e-04 ( 1 of 1 )
PBP: mass 1.400000e-02     1.122192e-02  1.104665e-02  4.759419e-04  4.760037e-04 ( 1 of 1 )
PBP: mass 1.400000e-02     1.063938e-02  1.322879e-02  3.509210e-05  3.523788e-05 ( 1 of 1 )
PBP: mass 1.400000e-02     1.027766e-02  1.176789e-02  -2.713415e-04  -2.713458e-04 ( 1 of 1 )
PBP: mass 1.400000e-02     1.164992e-02  9.647199e-03  3.842787e-04  3.843098e-04 ( 1 of 1 )
PBP: mass 1.400000e-02     1.242577e-02  9.695360e-03  -2.260221e-04  -2.261167e-04 ( 1 of 1 )
PBP: mass 1.400000e-02     1.160366e-02  1.034243e-02  9.816732e-04  9.819010e-04 ( 1 of 1 )
PBP: mass 1.400000e-02     1.075176e-02  1.302246e-02  -2.805139e-04  -2.806989e-04 ( 1 of 1 )
PBP: mass 1.400000e-02     1.154662e-02  1.133262e-02  -8.772382e-04  -8.772124e-04 ( 1 of 1 )
PBP: mass 1.400000e-02     1.065618e-02  1.085422e-02  -4.553604e-04  -4.552642e-04 ( 1 of 1 )
PBP: mass 1.400000e-02     9.700911e-03  1.132459e-02  1.595991e-04  1.595843e-04 ( 1 of 1 )
PBP: mass 1.400000e-02     1.108254e-02  1.133562e-02  1.068965e-04  1.067932e-04 ( 1 of 1 )
PBP: mass 1.400000e-02     1.222550e-02  1.060259e-02  1.413032e-03  1.413060e-03 ( 1 of 1 )
PBP: mass 1.400000e-02     1.103514e-02  1.158139e-02  -1.716647e-04  -1.715727e-04 ( 1 of 1 )
PBP: mass 1.400000e-02     1.204808e-02  1.093913e-02  1.722595e-05  1.734463e-05 ( 1 of 1 )
PBP: mass 1.400000e-02     1.184572e-02  1.024515e-02  -1.953393e-04  -1.953420e-04 ( 1 of 1 )
PBP: mass 1.400000e-02     1.212376e-02  9.701537e-03  -1.166329e-03  -1.166502e-03 ( 1 of 1 )
PBP: mass 1.400000e-02     1.277535e-02  1.049473e-02  1.310572e-04  1.308455e-04 ( 1 of 1 )
PBP: mass 1.400000e-02     1.042351e-02  1.355339e-02  1.752812e-03  1.752816e-03 ( 1 of 1 )
PBP: mass 1.400000e-02     1.124329e-02  1.202976e-02  1.196287e-03  1.196289e-03 ( 1 of 1 )
PBP: mass 1.400000e-02     1.087156e-02  1.339157e-02  6.199231e-04  6.198985e-04 ( 1 of 1 )
PBP: mass 1.400000e-02     1.122222e-02  1.204323e-02  -2.009701e-04  -2.010158e-04 ( 1 of 1 )
PBP: mass 1.400000e-02     1.281754e-02  1.146697e-02  1.575936e-03  1.575985e-03 ( 1 of 1 )
PBP: mass 1.400000e-02     1.164041e-02  1.117019e-02  -1.063245e-03  -1.063149e-03 ( 1 of 1 )
PBP: mass 1.400000e-02     1.125653e-02  1.219212e-02  -3.635270e-04  -3.635954e-04 ( 1 of 1 )
PBP: mass 1.400000e-02     1.077162e-02  9.966533e-03  -7.695879e-04  -7.698474e-04 ( 1 of 1 )
PBP: mass 1.400000e-02     1.031072e-02  1.139331e-02  -2.747104e-04  -2.748136e-04 ( 1 of 1 )
PBP: mass 1.400000e-02     1.050174e-02  1.197483e-02  -8.808286e-04  -8.810160e-04 ( 1 of 1 )
PBP: mass 1.400000e-02     1.228607e-02  1.035936e-02  -1.613721e-04  -1.612801e-04 ( 1 of 1 )
PBP: mass 1.400000e-02     1.128696e-02  1.087633e-02  -9.935970e-04  -9.935629e-04 ( 1 of 1 )
PBP: mass 1.400000e-02     1.083100e-02  1.065991e-02  -5.450196e-04  -5.450340e-04 ( 1 of 1 )
PBP: mass 1.400000e-02     1.127488e-02  1.147538e-02  1.506708e-03  1.506719e-03 ( 1 of 1 )
PBP: mass 1.400000e-02     1.107559e-02  1.121110e-02  5.307588e-04  5.306659e-04 ( 1 of 1 )
PBP: mass 1.400000e-02     1.002241e-02  1.117892e-02  -1.214509e-03  -1.214478e-03 ( 1 of 1 )
PBP: mass 1.400000e-02     1.197723e-02  1.049239e-02  1.436740e-04  1.438684e-04 ( 1 of 1 )
PBP: mass 1.400000e-02     1.121438e-02  1.115260e-02  3.496578e-04  3.495539e-04 ( 1 of 1 )
PBP: mass 1.400000e-02     1.086300e-02  1.175871e-02  5.334878e-04  5.333578e-04 ( 1 of 1 )
PBP: mass 1.400000e-02     1.045086e-02  1.219488e-02  3.579325e-04  3.578630e-04 ( 1 of 1 )
PBP: mass 1.400000e-02     1.205675e-02  1.052250e-02  -5.435351e-04  -5.434604e-04 ( 1 of 1 )
PBP: mass 1.400000e-02     1.166412e-02  1.092149e-02  -3.070470e-04  -3.070057e-04 ( 1 of 1 )
PBP: mass 1.400000e-02     1.251720e-02  9.285233e-03  2.452439e-03  2.452377e-03 ( 1 of 1 )
PBP: mass 1.400000e-02     1.022308e-02  1.229081e-02  1.959800e-04  1.958195e-04 ( 1 of 1 )
PBP: mass 1.400000e-02     1.226524e-02  9.855087e-03  -8.308007e-04  -8.307437e-04 ( 1 of 1 )
PBP: mass 1.400000e-02     1.123244e-02  1.105844e-02  -2.322869e-05  -2.332334e-05 ( 1 of 1 )
PBP: mass 1.400000e-02     1.191922e-02  1.198494e-02  2.737211e-04  2.737895e-04 ( 1 of 1 )
PBP: mass 1.400000e-02     1.062507e-02  1.143923e-02  -1.043856e-04  -1.043213e-04 ( 1 of 1 )
PBP: mass 1.400000e-02     1.102386e-02  1.140642e-02  -1.065118e-03  -1.065016e-03 ( 1 of 1 )
PBP: mass 1.400000e-02     1.004577e-02  1.259210e-02  -6.616226e-04  -6.616641e-04 ( 1 of 1 )
PBP: mass 1.400000e-02     1.025781e-02  1.117254e-02  -1.918267e-05  -1.931037e-05 ( 1 of 1 )
PBP: mass 1.400000e-02     1.128463e-02  1.020039e-02  1.123319e-03  1.123196e-03 ( 1 of 1 )
PBP: mass 1.400000e-02     1.114193e-02  1.207966e-02  -1.778023e-03  -1.778191e-03 ( 1 of 1 )
PBP: mass 1.400000e-02     1.115983e-02  1.111863e-02  -3.341822e-04  -3.342112e-04 ( 1 of 1 )
PBP: mass 1.400000e-02     9.538377e-03  1.314464e-02  -1.981071e-03  -1.981297e-03 ( 1 of 1 )
PBP: mass 1.400000e-02     1.200597e-02  1.049384e-02  2.162185e-03  2.162141e-03 ( 1 of 1 )
PBP: mass 1.400000e-02     1.030678e-02  1.020764e-02  -1.474464e-04  -1.472409e-04 ( 1 of 1 )
PBP: mass 1.400000e-02     1.086369e-02  1.189533e-02  1.404184e-03  1.404178e-03 ( 1 of 1 )
PBP: mass 1.400000e-02     9.310109e-03  1.206308e-02  -1.784953e-04  -1.785273e-04 ( 1 of 1 )
PBP: mass 1.400000e-02     1.038588e-02  1.231184e-02  6.235938e-04  6.236579e-04 ( 1 of 1 )
PBP: mass 1.400000e-02     8.747358e-03  1.265053e-02  -8.945458e-04  -8.948155e-04 ( 1 of 1 )
PBP: mass 1.400000e-02     1.069204e-02  1.105599e-02  -9.677005e-04  -9.675702e-04 ( 1 of 1 )
PBP: mass 1.400000e-02     1.144613e-02  1.142391e-02  -1.627155e-04  -1.626559e-04 ( 1 of 1 )
PBP: mass 1.400000e-02     1.165945e-02  1.011542e-02  -6.106993e-04  -6.106580e-04 ( 1 of 1 )
PBP: mass 1.400000e-02     1.166986e-02  1.152136e-02  6.639786e-04  6.639106e-04 ( 1 of 1 )
PBP: mass 1.400000e-02     1.059976e-02  1.147676e-02  -1.087246e-03  -1.087166e-03 ( 1 of 1 )
PBP: mass 1.400000e-02     1.226551e-02  1.122010e-02  -3.793896e-04  -3.793345e-04 ( 1 of 1 )
PBP: mass 1.400000e-02     1.135855e-02  1.037724e-02  3.669964e-05  3.657132e-05 ( 1 of 1 )
