PBP: mass 1.400000e-02     1.221624e-02  1.152281e-02  2.957137e-03  2.957127e-03 ( 1 of 1 )
PBP: mass 1.400000e-02     1.188408e-02  1.281958e-02  -4.372814e-04  -4.374108e-04 ( 1 of 1 )
PBP: mass 1.400000e-02     1.207437e-02  1.337599e-02  6.750767e-04  6.750503e-04 ( 1 of 1 )
PBP: mass 1.400000e-02     1.389163e-02  1.205719e-02  6.155239e-04  6.156729e-04 ( 1 of 1 )
PBP: mass 1.400000e-02     1.211899e-02  1.491607e-02  3.276241e-05  3.269428e-05 ( 1 of 1 )
PBP: mass 1.400000e-02     1.614278e-02  1.172843e-02  -8.950515e-04  -8.950644e-04 ( 1 of 1 )
PBP: mass 1.400000e-02     1.059264e-02  1.910584e-02  -3.384876e-03  -3.384957e-03 ( 1 of 1 )
PBP: mass 1.400000e-02     1.531630e-02  1.569336e-02  2.053569e-03  2.053605e-03 ( 1 of 1 )
PBP: mass 1.400000e-02     1.784396e-02  1.464502e-02  -1.025793e-04  -1.027142e-04 ( 1 of 1 )
PBP: mass 1.400000e-02     1.793306e-02  1.617314e-02  9.284175e-04  9.280348e-04 ( 1 of 1 )
PBP: mass 1.400000e-02     1.823258e-02  1.655873e-02  1.830871e-03  1.830887e-03 ( 1 of 1 )
PBP: mass 1.400000e-02     1.810912e-02  1.681374e-02  -4.735946e-04  -4.731660e-04 ( 1 of 1 )
PBP: mass 1.400000e-02     1.845698e-02  2.322429e-02  -3.552414e-03  -3.552028e-03 ( 1 of 1 )
PBP: mass 1.400000e-02     1.959088e-02  1.861571e-02  2.540783e-03  2.540976e-03 ( 1 of 1 )
PBP: mass 1.400000e-02     1.975997e-02  2.143242e-02  2.090304e-03  2.090176e-03 ( 1 of 1 )
PBP: mass 1.400000e-02     2.293196e-02  1.843857e-02  2.747865e-03  2.747885e-03 ( 1 of 1 )
PBP: mass 1.400000e-02     2.167216e-02  2.281164e-02  -1.949653e-03  -1.949729e-03 ( 1 of 1 )
PBP: mass 1.400000e-02     2.201332e-02  2.239626e-02  2.182519e-03  2.182549e-03 ( 1 of 1 )
PBP: mass 1.400000e-02     1.768198e-02  2.817825e-02  4.790601e-03  4.790510e-03 ( 1 of 1 )
PBP: mass 1.400000e-02     2.594205e-02  2.653814e-02  -2.001198e-03  -2.001228e-03 ( 1 of 1 )
PBP: mass 1.400000e-02     2.271398e-02  2.814941e-02  8.409190e-03  8.409075e-03 ( 1 of 1 )
PBP: mass 1.400000e-02     3.122207e-02  2.499060e-02  -2.319036e-03  -2.318803e-03 ( 1 of 1 )
PBP: mass 1.400000e-02     2.751196e-02  3.307410e-02  1.546688e-03  1.546487e-03 ( 1 of 1 )
PBP: mass 1.400000e-02     2.266042e-02  3.401505e-02  -1.375491e-03  -1.375420e-03 ( 1 of 1 )
PBP: mass 1.400000e-02     2.971617e-02  2.972224e-02  3.968037e-03  3.968332e-03 ( 1 of 1 )
PBP: mass 1.400000e-02     2.935410e-02  2.842321e-02  -3.404726e-03  -3.404765e-03 ( 1 of 1 )
PBP: mass 1.400000e-02     2.983915e-02  3.137368e-02  -4.561222e-03  -4.561123e-03 ( 1 of 1 )
PBP: mass 1.400000e-02     3.239767e-02  3.157257e-02  3.127767e-03  3.127924e-03 ( 1 of 1 )
PBP: mass 1.400000e-02     3.216128e-02  2.975803e-02  2.373704e-03  2.373649e-03 ( 1 of 1 )
PBP: mass 1.400000e-02     2.969573e-02  3.192296e-02  1.930558e-03  1.930530e-03 ( 1 of 1 )
PBP: mass 1.400000e-02     3.166244e-02  3.100954e-02  2.275857e-03  2.275741e-03 ( 1 of 1 )
PBP: mass 1.400000e-02     3.476573e-02  3.492110e-02  7.749764e-04  7.748370e-04 ( 1 of 1 )
PBP: mass 1.400000e-02     3.386154e-02  3.501565e-02  -2.157616e-03  -2.157621e-03 ( 1 of 1 )
PBP: mass 1.400000e-02     2.983995e-02  3.596285e-02  4.043786e-03  4.043696e-03 ( 1 of 1 )
PBP: mass 1.400000e-02     3.542642e-02  3.525944e-02  3.017368e-03  3.017454e-03 ( 1 of 1 )
PBP: mass 1.400000e-02     3.701490e-02  3.046259e-02  1.353271e-03  1.353433e-03 ( 1 of 1 )
PBP: mass 1.400000e-02     3.824960e-02  3.248496e-02  -2.343882e-03  -2.343761e-03 ( 1 of 1 )
PBP: mass 1.400000e-02     3.859793e-02  3.647693e-02  3.563606e-04  3.565680e-04 ( 1 of 1 )
PBP: mass 1.400000e-02     4.034738e-02  3.253326e-02  2.105365e-03  2.105226e-03 ( 1 of 1 )
PBP: mass 1.400000e-02     3.358029e-02  4.255497e-02  1.119549e-03  1.119506e-03 ( 1 of 1 )
PBP: mass 1.400000e-02     3.357789e-02  4.370009e-02  7.984126e-04  7.982428e-04 ( 1 of 1 )
PBP: mass 1.400000e-02     3.171357e-02  3.658091e-02  -1.887871e-03  -1.888100e-03 ( 1 of 1 )
PBP: mass 1.400000e-02     4.262705e-02  3.301583e-02  1.226166e-04  1.226415e-04 ( 1 of 1 )
PBP: mass 1.400000e-02     4.733774e-02  2.927173e-02  8.520378e-04  8.521061e-04 ( 1 of 1 )
PBP: mass 1.400000e-02     4.199408e-02  4.049854e-02  -1.758186e-04  -1.758511e-04 ( 1 of 1 )
PBP: mass 1.400000e-02     3.960344e-02  4.354456e-02  3.642650e-03  3.642685e-03 ( 1 of 1 )
PBP: mass 1.400000e-02     3.529450e-02  3.560199e-02  1.601353e-03  1.601390e-03 ( 1 of 1 )
PBP: mass 1.400000e-02     3.533469e-02  4.292154e-02  3.681639e-03  3.681765e-03 ( 1 of 1 )
PBP: mass 1.400000e-02     4.192765e-02  3.971325e-02  2.333487e-03  2.333691e-03 ( 1 of 1 )
PBP: mass 1.400000e-02     4.613085e-02  3.417875e-02  -4.212072e-03  -4.211985e-03 ( 1 of 1 )
PBP: mass 1.400000e-02     4.924450e-02  4.381593e-02  2.641196e-03  2.641211e-03 ( 1 of 1 )
PBP: mass 1.400000e-02     5.631223e-02  3.290136e-02  -1.557745e-03  -1.558187e-03 ( 1 of 1 )
PBP: mass 1.400000e-02     3.903375e-02  4.185368e-02  4.538469e-03  4.538333e-03 ( 1 of 1 )
PBP: mass 1.400000e-02     3.520553e-02  4.272421e-02  -1.385743e-03  -1.385697e-03 ( 1 of 1 )
PBP: mass 1.400000e-02     4.189506e-02  4.448878e-02  -3.082003e-03  -3.081924e-03 ( 1 of 1 )
PBP: mass 1.400000e-02     3.964262e-02  4.453462e-02  4.107258e-04  4.103841e-04 ( 1 of 1 )
PBP: mass 1.400000e-02     4.400219e-02  4.148420e-02  2.306032e-03  2.305995e-03 ( 1 of 1 )
PBP: mass 1.400000e-02     4.248119e-02  4.509203e-02  -3.103674e-03  -3.103310e-03 ( 1 of 1 )
PBP: mass 1.400000e-02     4.362334e-02  3.985955e-02  -1.860523e-03  -1.860255e-03 ( 1 of 1 )
PBP: mass 1.400000e-02     4.517963e-02  3.360621e-02  -9.031214e-04  -9.033116e-04 ( 1 of 1 )
PBP: mass 1.400000e-02     4.481135e-02  2.899754e-02  2.369580e-04  2.368198e-04 ( 1 of 1 )
PBP: mass 1.400000e-02     4.003559e-02  4.350863e-02  4.716715e-04  4.718655e-04 ( 1 of 1 )
PBP: mass 1.400000e-02     4.499065e-02  4.095823e-02  2.115130e-04  2.115434e-04 ( 1 of 1 )
PBP: mass 1.400000e-02     3.549411e-02  4.385128e-02  -7.989466e-06  -8.219760e-06 ( 1 of 1 )
PBP: mass 1.400000e-02     4.019701e-02  4.191068e-02  -3.846040e-04  -3.846518e-04 ( 1 of 1 )
PBP: mass 1.400000e-02     3.074232e-02  4.199328e-02  -1.786154e-03  -1.786242e-03 ( 1 of 1 )
PBP: mass 1.400000e-02     3.573415e-02  4.366525e-02  2.221639e-03  2.221515e-03 ( 1 of 1 )
PBP: mass 1.400000e-02     4.138554e-02  3.753877e-02  -1.018242e-03  -1.018348e-03 ( 1 of 1 )
PBP: mass 1.400000e-02     4.605534e-02  3.804022e-02  -1.092481e-03  -1.092674e-03 ( 1 of 1 )
PBP: mass 1.400000e-02     3.975414e-02  4.176094e-02  2.560988e-03  2.560754e-03 ( 1 of 1 )
PBP: mass 1.400000e-02     4.266439e-02  4.039554e-02  -3.691623e-03  -3.691365e-03 ( 1 of 1 )
PBP: mass 1.400000e-02     4.295583e-02  4.144765e-02  1.254108e-03  1.253983e-03 ( 1 of 1 )
PBP: mass 1.400000e-02     3.832561e-02  3.791760e-02  3.642301e-03  3.642144e-03 ( 1 of 1 )
PBP: mass 1.400000e-02     3.783079e-02  4.091959e-02  3.650975e-03  3.651024e-03 ( 1 of 1 )
PBP: mass 1.400000e-02     3.626305e-02  4.513801e-02  -2.073902e-03  -2.074048e-03 ( 1 of 1 )
PBP: mass 1.400000e-02     3.768022e-02  4.099248e-02  -1.496179e-03  -1.496123e-03 ( 1 of 1 )
PBP: mass 1.400000e-02     4.002037e-02  3.098798e-02  -4.166578e-03  -4.166772e-03 ( 1 of 1 )
PBP: mass 1.400000e-02     4.073312e-02  3.791575e-02  2.918304e-03  2.918554e-03 ( 1 of 1 )
PBP: mass 1.400000e-02     4.244588e-02  3.862969e-02  -2.954996e-03  -2.954788e-03 ( 1 of 1 )
PBP: mass 1.400000e-02     3.312543e-02  4.314420e-02  1.335025e-03  1.334801e-03 ( 1 of 1 )
PBP: mass 1.400000e-02     5.033626e-02  3.176994e-02  -3.210239e-03  -3.210385e-03 ( 1 of 1 )
PBP: mass 1.400000e-02     3.817362e-02  4.700109e-02  1.808012e-05  1.797921e-05 ( 1 of 1 )
PBP: mass 1.400000e-02     4.302850e-02  3.489076e-02  -3.932365e-03  -3.932290e-03 ( 1 of 1 )
PBP: mass 1.400000e-02     3.931249e-02  4.202743e-02  1.280429e-03  1.280507e-03 ( 1 of 1 )
PBP: mass 1.400000e-02     4.021432e-02  4.426922e-02  -1.158429e-03  -1.158457e-03 ( 1 of 1 )
PBP: mass 1.400000e-02     3.679927e-02  3.998383e-02  3.569066e-03  3.568991e-03 ( 1 of 1 )
PBP: mass 1.400000e-02     3.607066e-02  4.186934e-02  4.490077e-03  4.490304e-03 ( 1 of 1 )
PBP: mass 1.400000e-02     3.416923e-02  4.317771e-02  3.168593e-03  3.168607e-03 ( 1 of 1 )
PBP: mass 1.400000e-02     3.588060e-02  4.271764e-02  1.728987e-03  1.728747e-03 ( 1 of 1 )
PBP: mass 1.400000e-02     3.643926e-02  3.957168e-02  1.187905e-04  1.187630e-04 ( 1 of 1 )
PBP: mass 1.400000e-02     4.272618e-02  4.457685e-02  3.754404e-03  3.754633e-03 ( 1 of 1 )
PBP: mass 1.400000e-02     3.264117e-02  3.925913e-02  2.781355e-03  2.781379e-03 ( 1 of 1 )
PBP: mass 1.400000e-02     4.155266e-02  4.591346e-02  4.848088e-04  4.848307e-04 ( 1 of 1 )
PBP: mass 1.400000e-02     3.542381e-02  4.225575e-02  1.083606e-03  1.083473e-03 ( 1 of 1 )
PBP: mass 1.400000e-02     4.441899e-02  3.547617e-02  -1.644052e-03  -1.644242e-03 ( 1 of 1 )
PBP: mass 1.400000e-02     4.036538e-02  4.472965e-02  -9.703313e-06  -9.423400e-06 ( 1 of 1 )
PBP: mass 1.400000e-02     4.215457e-02  3.479614e-02  1.312019e-03  1.312112e-03 ( 1 of 1 )
PBP: mass 1.400000e-02     4.320361e-02  3.548178e-02  -2.951408e-03  -2.951541e-03 ( 1 of 1 )
PBP: mass 1.400000e-02     3.798157e-02  4.060961e-02  2.969348e-03  2.969305e-03 ( 1 of 1 )
PBP: mass 1.400000e-02     4.097338e-02  3.654284e-02  1.083416e-03  1.083386e-03 ( 1 of 1 )
PBP: mass 1.400000e-02     3.631339e-02  4.227604e-02  -9.823540e-04  -9.824661e-04 ( 1 of 1 )
PBP: mass 1.400000e-02     3.933153e-02  4.401661e-02  5.030309e-04  5.033094e-04 ( 1 of 1 )
PBP: mass 1.400000e-02     4.099285e-02  4.145083e-02  2.609862e-03  2.609749e-03 ( 1 of 1 )
PBP: mass 1.400000e-02     3.861571e-02  3.568434e-02  -1.683858e-03  -1.683533e-03 ( 1 of 1 )
PBP: mass 1.400000e-02     4.445462e-02  3.834444e-02  -2.902311e-03  -2.902332e-03 ( 1 of 1 )
PBP: mass 1.400000e-02     4.690764e-02  3.178162e-02  1.515755e-03  1.515711e-03 ( 1 of 1 )
PBP: mass 1.400000e-02     4.193094e-02  3.726318e-02  -1.780349e-03  -1.780148e-03 ( 1 of 1 )
PBP: mass 1.400000e-02     3.545788e-02  4.511982e-02  3.022175e-03  3.022410e-03 ( 1 of 1 )
PBP: mass 1.400000e-02     3.634549e-02  3.729246e-02  8.604345e-05  8.600015e-05 ( 1 of 1 )
PBP: mass 1.400000e-02     3.945099e-02  4.049519e-02  1.835672e-03  1.835952e-03 ( 1 of 1 )
PBP: mass 1.400000e-02     4.012823e-02  3.911228e-02  4.309756e-03  4.309878e-03 ( 1 of 1 )
PBP: mass 1.400000e-02     3.782775e-02  3.575869e-02  5.022848e-03  5.022994e-03 ( 1 of 1 )
PBP: mass 1.400000e-02     3.315656e-02  3.770439e-02  4.479719e-03  4.479607e-03 ( 1 of 1 )
PBP: mass 1.400000e-02     4.468287e-02  3.478410e-02  1.091707e-03  1.091673e-03 ( 1 of 1 )
PBP: mass 1.400000e-02     3.750335e-02  4.365333e-02  -3.041705e-04  -3.043803e-04 ( 1 of 1 )
PBP: mass 1.400000e-02     4.365037e-02  3.588309e-02  -1.358071e-03  -1.358133e-03 ( 1 of 1 )
PBP: mass 1.400000e-02     4.455424e-02  4.159889e-02  -1.711021e-03  -1.710980e-03 ( 1 of 1 )
PBP: mass 1.400000e-02     4.908142e-02  4.393581e-02  -1.251753e-03  -1.251958e-03 ( 1 of 1 )
PBP: mass 1.400000e-02     4.519153e-02  3.565712e-02  -2.857225e-03  -2.856989e-03 ( 1 of 1 )
PBP: mass 1.400000e-02     4.778545e-02  3.754556e-02  6.357396e-04  6.357689e-04 ( 1 of 1 )
PBP: mass 1.400000e-02     4.015478e-02  4.062545e-02  5.233809e-03  5.233783e-03 ( 1 of 1 )
PBP: mass 1.400000e-02     4.139715e-02  3.867035e-02  3.836697e-03  3.836732e-03 ( 1 of 1 )
PBP: mass 1.400000e-02     3.926627e-02  4.268070e-02  2.638335e-03  2.638170e-03 ( 1 of 1 )
PBP: mass 1.400000e-02     4.446768e-02  3.503356e-02  1.579316e-03  1.579233e-03 ( 1 of 1 )
PBP: mass 1.400000e-02     4.056994e-02  3.988939e-02  4.428573e-03  4.428769e-03 ( 1 of 1 )
PBP: mass 1.400000e-02     4.353627e-02  3.593260e-02  4.372702e-04  4.371262e-04 ( 1 of 1 )
PBP: mass 1.400000e-02     4.363626e-02  3.515152e-02  3.181825e-03  3.181834e-03 ( 1 of 1 )
PBP: mass 1.400000e-02     5.066724e-02  3.302472e-02  1.977543e-03  1.977667e-03 ( 1 of 1 )
PBP: mass 1.400000e-02     4.191281e-02  4.409419e-02  -6.231539e-03  -6.231760e-03 ( 1 of 1 )
PBP: mass 1.400000e-02     4.173923e-02  4.183701e-02  3.945155e-03  3.945086e-03 ( 1 of 1 )
PBP: mass 1.400000e-02     4.253262e-02  4.208039e-02  4.495796e-04  4.493652e-04 ( 1 of 1 )
PBP: mass 1.400000e-02     4.373384e-02  4.182158e-02  3.627977e-03  3.627938e-03 ( 1 of 1 )
PBP: mass 1.400000e-02     3.693316e-02  4.048254e-02  -2.989250e-03  -2.989134e-03 ( 1 of 1 )
PBP: mass 1.400000e-02     4.588921e-02  4.450634e-02  6.531809e-03  6.531815e-03 ( 1 of 1 )
PBP: mass 1.400000e-02     4.212087e-02  4.279085e-02  1.348961e-03  1.348809e-03 ( 1 of 1 )
PBP: mass 1.400000e-02     4.166907e-02  4.191279e-02  1.317459e-03  1.317176e-03 ( 1 of 1 )
PBP: mass 1.400000e-02     4.454971e-02  3.510421e-02  4.007531e-03  4.007555e-03 ( 1 of 1 )
PBP: mass 1.400000e-02     4.240191e-02  3.825843e-02  -6.669683e-05  -6.643133e-05 ( 1 of 1 )
PBP: mass 1.400000e-02     4.532627e-02  3.980206e-02  2.750694e-03  2.750565e-03 ( 1 of 1 )
PBP: mass 1.400000e-02     4.139544e-02  4.257679e-02  -1.909945e-04  -1.909225e-04 ( 1 of 1 )
PBP: mass 1.400000e-02     3.963733e-02  4.902271e-02  8.459540e-04  8.458286e-04 ( 1 of 1 )
PBP: mass 1.400000e-02     3.987406e-02  4.109436e-02  -4.074478e-03  -4.074592e-03 ( 1 of 1 )
PBP: mass 1.400000e-02     4.651745e-02  4.138159e-02  -2.603230e-03  -2.603342e-03 ( 1 of 1 )
PBP: mass 1.400000e-02     3.604890e-02  4.238472e-02  -8.995121e-04  -8.992251e-04 ( 1 of 1 )
PBP: mass 1.400000e-02     3.840526e-02  4.168740e-02  -1.192626e-03  -1.192443e-03 ( 1 of 1 )
PBP: mass 1.400000e-02     4.278352e-02  3.510618e-02  -1.218850e-03  -1.218641e-03 ( 1 of 1 )
PBP: mass 1.400000e-02     4.071877e-02  4.425984e-02  -1.468028e-03  -1.467954e-03 ( 1 of 1 )
PBP: mass 1.400000e-02     4.110302e-02  3.920599e-02  -2.045820e-03  -2.045718e-03 ( 1 of 1 )
PBP: mass 1.400000e-02     4.344351e-02  4.120934e-02  1.195463e-03  1.195355e-03 ( 1 of 1 )
PBP: mass 1.400000e-02     3.592080e-02  3.852027e-02  1.345093e-03  1.344918e-03 ( 1 of 1 )
PBP: mass 1.400000e-02     4.236879e-02  3.845555e-02  -1.420539e-03  -1.420543e-03 ( 1 of 1 )
PBP: mass 1.400000e-02     3.972767e-02  4.157236e-02  -3.340722e-03  -3.340763e-03 ( 1 of 1 )
PBP: mass 1.400000e-02     4.069727e-02  4.709477e-02  3.450758e-03  3.450728e-03 ( 1 of 1 )
PBP: mass 1.400000e-02     4.706833e-02  3.549818e-02  2.522059e-03  2.522105e-03 ( 1 of 1 )
PBP: mass 1.400000e-02     4.596653e-02  4.020706e-02  1.005760e-03  1.005561e-03 ( 1 of 1 )
PBP: mass 1.400000e-02     3.858317e-02  3.824935e-02  -4.282799e-04  -4.282475e-04 ( 1 of 1 )
PBP: mass 1.400000e-02     3.656959e-02  4.316285e-02  -1.173550e-03  -1.173599e-03 ( 1 of 1 )
PBP: mass 1.400000e-02     4.178278e-02  4.283608e-02  3.794622e-03  3.794619e-03 ( 1 of 1 )
PBP: mass 1.400000e-02     4.089601e-02  4.091368e-02  -1.461243e-03  -1.461255e-03 ( 1 of 1 )
PBP: mass 1.400000e-02     4.129029e-02  4.037160e-02  -9.862241e-04  -9.862096e-04 ( 1 of 1 )
PBP: mass 1.400000e-02     3.918653e-02  4.482232e-02  5.021302e-03  5.021239e-03 ( 1 of 1 )
PBP: mass 1.400000e-02     4.125487e-02  3.574383e-02  5.490167e-03  5.489901e-03 ( 1 of 1 )
PBP: mass 1.400000e-02     4.402397e-02  4.448077e-02  -2.645600e-04  -2.647846e-04 ( 1 of 1 )
PBP: mass 1.400000e-02     3.989750e-02  4.279233e-02  -1.327892e-03  -1.327942e-03 ( 1 of 1 )
PBP: mass 1.400000e-02     4.205921e-02  4.265923e-02  -5.668145e-04  -5.669218e-04 ( 1 of 1 )
PBP: mass 1.400000e-02     4.940540e-02  3.539644e-02  1.487825e-03  1.487841e-03 ( 1 of 1 )
PBP: mass 1.400000e-02     4.046547e-02  4.912289e-02  2.977688e-03  2.977779e-03 ( 1 of 1 )
PBP: mass 1.400000e-02     4.901852e-02  3.318773e-02  1.256237e-03  1.256252e-03 ( 1 of 1 )
PBP: mass 1.400000e-02     4.024450e-02  3.754866e-02  3.085335e-03  3.085150e-03 ( 1 of 1 )
PBP: mass 1.400000e-02     4.322152e-02  4.283006e-02  2.863113e-03  2.863419e-03 ( 1 of 1 )
PBP: mass 1.400000e-02     4.172682e-02  3.992415e-02  1.981680e-03  1.981725e-03 ( 1 of 1 )
PBP: mass 1.400000e-02     4.202130e-02  3.786624e-02  -5.317919e-04  -5.316504e-04 ( 1 of 1 )
PBP: mass 1.400000e-02     4.751520e-02  3.792878e-02  1.655493e-03  1.655450e-03 ( 1 of 1 )
PBP: mass 1.400000e-02     4.268224e-02  4.260722e-02  -4.644952e-03  -4.644835e-03 ( 1 of 1 )
PBP: mass 1.400000e-02     4.350568e-02  4.336341e-02  -9.583393e-04  -9.582866e-04 ( 1 of 1 )
PBP: mass 1.400000e-02     4.900223e-02  4.582788e-02  -3.369053e-03  -3.369093e-03 ( 1 of 1 )
PBP: mass 1.400000e-02     4.616915e-02  4.538710e-02  -3.080122e-03  -3.079997e-03 ( 1 of 1 )
PBP: mass 1.400000e-02     4.251446e-02  3.688164e-02  -4.320714e-03  -4.320694e-03 ( 1 of 1 )
PBP: mass 1.400000e-02     4.034635e-02  4.025581e-02  -2.183779e-03  -2.183650e-03 ( 1 of 1 )
PBP: mass 1.400000e-02     4.895005e-02  3.987546e-02  3.527267e-04  3.531505e-04 ( 1 of 1 )
PBP: mass 1.400000e-02     5.043839e-02  2.825610e-02  2.315824e-03  2.315865e-03 ( 1 of 1 )
PBP: mass 1.400000e-02     4.444227e-02  4.084307e-02  1.704765e-03  1.704569e-03 ( 1 of 1 )
PBP: mass 1.400000e-02     4.371614e-02  3.793783e-02  -1.916442e-04  -1.916718e-04 ( 1 of 1 )
PBP: mass 1.400000e-02     3.530187e-02  4.360724e-02  1.130539e-03  1.130642e-03 ( 1 of 1 )
PBP: mass 1.400000e-02     3.997266e-02  3.899691e-02  2.856354e-04  2.854831e-04 ( 1 of 1 )
PBP: mass 1.400000e-02     4.100467e-02  3.850028e-02  1.095037e-03  1.094831e-03 ( 1 of 1 )
PBP: mass 1.400000e-02     3.265272e-02  4.522337e-02  -4.378404e-03  -4.378148e-03 ( 1 of 1 )
PBP: mass 1.400000e-02     3.958588e-02  4.742557e-02  -6.158229e-04  -6.156968e-04 ( 1 of 1 )
PBP: mass 1.400000e-02     4.810020e-02  3.477486e-02  6.612814e-04  6.613265e-04 ( 1 of 1 )
PBP: mass 1.400000e-02     3.420395e-02  4.660925e-02  2.251338e-03  2.251200e-03 ( 1 of 1 )
PBP: mass 1.400000e-02     4.550976e-02  3.479523e-02  3.822785e-03  3.822664e-03 ( 1 of 1 )
PBP: mass 1.400000e-02     3.814378e-02  4.359999e-02  1.124311e-03  1.124291e-03 ( 1 of 1 )
PBP: mass 1.400000e-02     4.112774e-02  4.073632e-02  2.863694e-04  2.862569e-04 ( 1 of 1 )
PBP: mass 1.400000e-02     4.411825e-02  3.652825e-02  2.361545e-03  2.361714e-03 ( 1 of 1 )
PBP: mass 1.400000e-02     4.472091e-02  3.192346e-02  6.782748e-03  6.782648e-03 ( 1 of 1 )
PBP: mass 1.400000e-02     4.202937e-02  4.268585e-02  3.589844e-03  3.589951e-03 ( 1 of 1 )
PBP: mass 1.400000e-02     4.010409e-02  3.705126e-02  1.415174e-03  1.415297e-03 ( 1 of 1 )
PBP: mass 1.400000e-02     3.920877e-02  3.789528e-02  -5.750695e-04  -5.753269e-04 ( 1 of 1 )
PBP: mass 1.400000e-02     4.188620e-02  3.847496e-02  -4.690901e-04  -4.693909e-04 ( 1 of 1 )
PBP: mass 1.400000e-02     3.949540e-02  3.858957e-02  -4.495590e-05  -4.521039e-05 ( 1 of 1 )
PBP: mass 1.400000e-02     3.469526e-02  4.369267e-02  5.215648e-03  5.215354e-03 ( 1 of 1 )
PBP: mass 1.400000e-02     3.904800e-02  4.225269e-02  7.628766e-04  7.628841e-04 ( 1 of 1 )
PBP: mass 1.400000e-02     3.988688e-02  4.153451e-02  -1.078179e-03  -1.078222e-03 ( 1 of 1 )
PBP: mass 1.400000e-02     4.115750e-02  3.877549e-02  1.710157e-03  1.710131e-03 ( 1 of 1 )
PBP: mass 1.400000e-02     3.734634e-02  3.412527e-02  -4.922833e-03  -4.922728e-03 ( 1 of 1 )
PBP: mass 1.400000e-02     3.702752e-02  3.808924e-02  6.134723e-04  6.135401e-04 ( 1 of 1 )
PBP: mass 1.400000e-02     4.112385e-02  3.643961e-02  2.273276e-03  2.273135e-03 ( 1 of 1 )
PBP: mass 1.400000e-02     3.906765e-02  4.204666e-02  -1.378324e-03  -1.378611e-03 ( 1 of 1 )
PBP: mass 1.400000e-02     3.852414e-02  4.360799e-02  5.726285e-04  5.726114e-04 ( 1 of 1 )
PBP: mass 1.400000e-02     3.653154e-02  4.427653e-02  -2.894086e-03  -2.893917e-03 ( 1 of 1 )
PBP: mass 1.400000e-02     3.698840e-02  3.327928e-02  1.582186e-03  1.582158e-03 ( 1 of 1 )
PBP: mass 1.400000e-02     3.416858e-02  3.877994e-02  9.382872e-04  9.381873e-04 ( 1 of 1 )
PBP: mass 1.400000e-02     3.562455e-02  3.551082e-02  -5.775758e-03  -5.775705e-03 ( 1 of 1 )
PBP: mass 1.400000e-02     4.371060e-02  3.250057e-02  -7.808046e-05  -7.806916e-05 ( 1 of 1 )
PBP: mass 1.400000e-02     4.016005e-02  4.094340e-02  -1.749770e-03  -1.749688e-03 ( 1 of 1 )
PBP: mass 1.400000e-02     3.903080e-02  3.360999e-02  3.964425e-03  3.964412e-03 ( 1 of 1 )
PBP: mass 1.400000e-02     4.884430e-02  3.429133e-02  -1.854543e-03  -1.854601e-03 ( 1 of 1 )
PBP: mass 1.400000e-02     4.669959e-02  3.425281e-02  -7.172739e-03  -7.172561e-03 ( 1 of 1 )
PBP: mass 1.400000e-02     4.256337e-02  3.954007e-02  -2.040007e-03  -2.039748e-03 ( 1 of 1 )
PBP: mass 1.400000e-02     3.511893e-02  4.118746e-02  -4.894868e-03  -4.895002e-03 ( 1 of 1 )
PBP: mass 1.400000e-02     4.741554e-02  4.077552e-02  1.584007e-03  1.583874e-03 ( 1 of 1 )
PBP: mass 1.400000e-02     3.898269e-02  4.413829e-02  -1.573634e-03  -1.573734e-03 ( 1 of 1 )
PBP: mass 1.400000e-02     4.443445e-02  4.265184e-02  -8.951697e-04  -8.953424e-04 ( 1 of 1 )
PBP: mass 1.400000e-02     3.594059e-02  3.792470e-02  1.577628e-03  1.577599e-03 ( 1 of 1 )
PBP: mass 1.400000e-02     4.197011e-02  3.400168e-02  -3.756084e-03  -3.756062e-03 ( 1 of 1 )
PBP: mass 1.400000e-02     4.036932e-02  4.319090e-02  4.483809e-03  4.483828e-03 ( 1 of 1 )
PBP: mass 1.400000e-02     4.723124e-02  4.836667e-02  -2.114224e-03  -2.114098e-03 ( 1 of 1 )
PBP: mass 1.400000e-02     4.163693e-02  4.116707e-02  3.510900e-04  3.513491e-04 ( 1 of 1 )
PBP: mass 1.400000e-02     4.515199e-02  3.593298e-02  -1.301921e-03  -1.301859e-03 ( 1 of 1 )
PBP: mass 1.400000e-02     4.436231e-02  3.573564e-02  -2.153627e-03  -2.153725e-03 ( 1 of 1 )
PBP: mass 1.400000e-02     4.500267e-02  3.155245e-02  -4.895077e-03  -4.895134e-03 ( 1 of 1 )
PBP: mass 1.400000e-02     4.046307e-02  3.932830e-02  -6.421316e-04  -6.423095e-04 ( 1 of 1 )
PBP: mass 1.400000e-02     4.079699e-02  3.525646e-02  -3.596253e-03  -3.596362e-03 ( 1 of 1 )
PBP: mass 1.400000e-02     4.320343e-02  4.049309e-02  2.043430e-03  2.043619e-03 ( 1 of 1 )
PBP: mass 1.400000e-02     3.341059e-02  4.016778e-02  -1.507404e-03  -1.507647e-03 ( 1 of 1 )
PBP: mass 1.400000e-02     3.316460e-02  4.348340e-02  7.725375e-04  7.724270e-04 ( 1 of 1 )
PBP: mass 1.400000e-02     4.580193e-02  3.942659e-02  -3.329160e-03  -3.329041e-03 ( 1 of 1 )
PBP: mass 1.400000e-02     4.768342e-02  3.307458e-02  -1.702131e-03  -1.702128e-03 ( 1 of 1 )
PBP: mass 1.400000e-02     3.109705e-02  4.722804e-02  -1.943766e-03  -1.943686e-03 ( 1 of 1 )
PBP: mass 1.400000e-02     4.387474e-02  3.969956e-02  -5.274660e-03  -5.274603e-03 ( 1 of 1 )
PBP: mass 1.400000e-02     4.133582e-02  4.346893e-02  3.773055e-03  3.773026e-03 ( 1 of 1 )
PBP: mass 1.400000e-02     4.216789e-02  3.318759e-02  3.232254e-04  3.231800e-04 ( 1 of 1 )
PBP: mass 1.400000e-02     3.717097e-02  3.785855e-02  3.766160e-03  3.766237e-03 ( 1 of 1 )
PBP: mass 1.400000e-02     3.731148e-02  3.860949e-02  -6.064668e-05  -6.064065e-05 ( 1 of 1 )
PBP: mass 1.400000e-02     4.119484e-02  4.481271e-02  3.851468e-03  3.851619e-03 ( 1 of 1 )
PBP: mass 1.400000e-02     3.921921e-02  3.747048e-02  -1.120810e-03  -1.120964e-03 ( 1 of 1 )
PBP: mass 1.400000e-02     3.913666e-02  4.005212e-02  9.730980e-04  9.731171e-04 ( 1 of 1 )
PBP: mass 1.400000e-02     3.968096e-02  3.757524e-02  3.327052e-04  3.329261e-04 ( 1 of 1 )
PBP: mass 1.400000e-02     3.520773e-02  4.318950e-02  4.930160e-04  4.928772e-04 ( 1 of 1 )
PBP: mass 1.400000e-02     4.184161e-02  4.001294e-02  1.355553e-03  1.355248e-03 ( 1 of 1 )
PBP: mass 1.400000e-02     4.320714e-02  3.102234e-02  -2.006579e-03  -2.006576e-03 ( 1 of 1 )
PBP: mass 1.400000e-02     3.339229e-02  3.864549e-02  1.503266e-03  1.503128e-03 ( 1 of 1 )
PBP: mass 1.400000e-02     3.659672e-02  4.689623e-02  -1.738775e-03  -1.738764e-03 ( 1 of 1 )
PBP: mass 1.400000e-02     3.981296e-02  3.535675e-02  1.643486e-03  1.643659e-03 ( 1 of 1 )
PBP: mass 1.400000e-02     4.134750e-02  3.769592e-02  -1.193999e-03  -1.193884e-03 ( 1 of 1 )
PBP: mass 1.400000e-02     3.554844e-02  4.299542e-02  -4.668925e-03  -4.668868e-03 ( 1 of 1 )
PBP: mass 1.400000e-02     4.089337e-02  3.832616e-02  1.354554e-03  1.354771e-03 ( 1 of 1 )
PBP: mass 1.400000e-02     4.305997e-02  3.768890e-02  5.741154e-05  5.761762e-05 ( 1 of 1 )
PBP: mass 1.400000e-02     4.404203e-02  3.769318e-02  5.509832e-04  5.507188e-04 ( 1 of 1 )
PBP: mass 1.400000e-02     4.088597e-02  3.612162e-02  4.066344e-03  4.066334e-03 ( 1 of 1 )
PBP: mass 1.400000e-02     3.801272e-02  4.049357e-02  5.842484e-04  5.843220e-04 ( 1 of 1 )
PBP: mass 1.400000e-02     3.982476e-02  4.096112e-02  2.558200e-03  2.558035e-03 ( 1 of 1 )
PBP: mass 1.400000e-02     3.637732e-02  3.723742e-02  -3.888107e-03  -3.888441e-03 ( 1 of 1 )
PBP: mass 1.400000e-02     4.448738e-02  3.152365e-02  2.928419e-03  2.928517e-03 ( 1 of 1 )
PBP: mass 1.400000e-02     4.337283e-02  3.809845e-02  3.507581e-04  3.509386e-04 ( 1 of 1 )
PBP: mass 1.400000e-02     3.702305e-02  3.643851e-02  -3.127177e-03  -3.127050e-03 ( 1 of 1 )
PBP: mass 1.400000e-02     3.224742e-02  4.135744e-02  -1.605678e-03  -1.605795e-03 ( 1 of 1 )
PBP: mass 1.400000e-02     4.437380e-02  3.384181e-02  -3.568685e-05  -3.569967e-05 ( 1 of 1 )
PBP: mass 1.400000e-02     4.713097e-02  3.920822e-02  3.234108e-03  3.233963e-03 ( 1 of 1 )
PBP: mass 1.400000e-02     4.086399e-02  4.148924e-02  -4.210799e-03  -4.210797e-03 ( 1 of 1 )
PBP: mass 1.400000e-02     4.518656e-02  3.514483e-02  -8.970676e-04  -8.970550e-04 ( 1 of 1 )
PBP: mass 1.400000e-02     4.217040e-02  4.221146e-02  1.462687e-03  1.462901e-03 ( 1 of 1 )
PBP: mass 1.400000e-02     4.508688e-02  4.016626e-02  2.212916e-03  2.213168e-03 ( 1 of 1 )
PBP: mass 1.400000e-02     4.525644e-02  3.843365e-02  2.337207e-04  2.335848e-04 ( 1 of 1 )
PBP: mass 1.400000e-02     4.050845e-02  3.758458e-02  2.147121e-04  2.148046e-04 ( 1 of 1 )
PBP: mass 1.400000e-02     2.985807e-02  4.654275e-02  -4.772835e-03  -4.772922e-03 ( 1 of 1 )
PBP: mass 1.400000e-02     4.052640e-02  3.630460e-02  1.677352e-03  1.677496e-03 ( 1 of 1 )
PBP: mass 1.400000e-02     3.007690e-02  4.706917e-02  -2.949252e-03  -2.949255e-03 ( 1 of 1 )
PBP: mass 1.400000e-02     4.149797e-02  4.647294e-02  5.683375e-04  5.684757e-04 ( 1 of 1 )
PBP: mass 1.400000e-02     4.458348e-02  4.375747e-02  -2.536520e-03  -2.536577e-03 ( 1 of 1 )
PBP: mass 1.400000e-02     4.171218e-02  3.558694e-02  1.146284e-03  1.146209e-03 ( 1 of 1 )
PBP: mass 1.400000e-02     4.382562e-02  4.233091e-02  -8.773596e-04  -8.773241e-04 ( 1 of 1 )
PBP: mass 1.400000e-02     3.751070e-02  3.492346e-02  -2.178190e-03  -2.178204e-03 ( 1 of 1 )
PBP: mass 1.400000e-02     4.015595e-02  3.983867e-02  -2.841297e-03  -2.841518e-03 ( 1 of 1 )
PBP: mass 1.400000e-02     4.579123e-02  4.386433e-02  4.794907e-04  4.794002e-04 ( 1 of 1 )
PBP: mass 1.400000e-02     4.617915e-02  4.019756e-02  -4.873172e-03  -4.873075e-03 ( 1 of 1 )
PBP: mass 1.400000e-02     3.841380e-02  4.589689e-02  4.423277e-03  4.423239e-03 ( 1 of 1 )
PBP: mass 1.400000e-02     4.239148e-02  3.706591e-02  5.600410e-04  5.600916e-04 ( 1 of 1 )
PBP: mass 1.400000e-02     4.572999e-02  4.291946e-02  -2.697893e-03  -2.697975e-03 ( 1 of 1 )
PBP: mass 1.400000e-02     4.287292e-02  4.045984e-02  -9.174128e-04  -9.175021e-04 ( 1 of 1 )
PBP: mass 1.400000e-02     3.826286e-02  4.806058e-02  3.008651e-04  3.005161e-04 ( 1 of 1 )
PBP: mass 1.400000e-02     4.319923e-02  4.400897e-02  1.361742e-04  1.361843e-04 ( 1 of 1 )
PBP: mass 1.400000e-02     4.497419e-02  3.745669e-02  1.993060e-04  1.994175e-04 ( 1 of 1 )
PBP: mass 1.400000e-02     4.014516e-02  4.134853e-02  -2.216311e-03  -2.216496e-03 ( 1 of 1 )
PBP: mass 1.400000e-02     4.372057e-02  4.460512e-02  2.244162e-03  2.243893e-03 ( 1 of 1 )
PBP: mass 1.400000e-02     4.306257e-02  3.949348e-02  -8.133994e-04  -8.134191e-04 ( 1 of 1 )
PBP: mass 1.400000e-02     4.127212e-02  4.079952e-02  -1.043289e-03  -1.043290e-03 ( 1 of 1 )
PBP: mass 1.400000e-02     4.102116e-02  4.130690e-02  -2.550703e-03  -2.550569e-03 ( 1 of 1 )
PBP: mass 1.400000e-02     3.653990e-02  4.775246e-02  3.724978e-03  3.724878e-03 ( 1 of 1 )
PBP: mass 1.400000e-02     3.774899e-02  4.138870e-02  -6.375649e-04  -6.377891e-04 ( 1 of 1 )
PBP: mass 1.400000e-02     4.630786e-02  4.016875e-02  9.013293e-04  9.011791e-04 ( 1 of 1 )
PBP: mass 1.400000e-02     3.784467e-02  4.111099e-02  -3.580048e-03  -3.580061e-03 ( 1 of 1 )
PBP: mass 1.400000e-02     3.945695e-02  4.805074e-02  -2.036692e-04  -2.035753e-04 ( 1 of 1 )
PBP: mass 1.400000e-02     3.955864e-02  3.646715e-02  -3.409392e-04  -3.411202e-04 ( 1 of 1 )
PBP: mass 1.400000e-02     4.083589e-02  4.307581e-02  -3.800075e-03  -3.800173e-03 ( 1 of 1 )
PBP: mass 1.400000e-02     4.426813e-02  3.674336e-02  1.856856e-03  1.856941e-03 ( 1 of 1 )
PBP: mass 1.400000e-02     3.982202e-02  3.906812e-02  2.003924e-03  2.003974e-03 ( 1 of 1 )
PBP: mass 1.400000e-02     3.954835e-02  4.034645e-02  -3.463874e-04  -3.463818e-04 ( 1 of 1 )
PBP: mass 1.400000e-02     3.656762e-02  4.244146e-02  3.933805e-03  3.933781e-03 ( 1 of 1 )
PBP: mass 1.400000e-02     4.028856e-02  3.903615e-02  -1.720375e-03  -1.720380e-03 ( 1 of 1 )
PBP: mass 1.400000e-02     4.345897e-02  4.160116e-02  -3.669567e-03  -3.669419e-03 ( 1 of 1 )
PBP: mass 1.400000e-02     3.564296e-02  4.871667e-02  6.114674e-03  6.114671e-03 ( 1 of 1 )
PBP: mass 1.400000e-02     4.044608e-02  4.041204e-02  2.913473e-03  2.913253e-03 ( 1 of 1 )
PBP: mass 1.400000e-02     3.723024e-02  4.885289e-02  -2.089132e-03  -2.089100e-03 ( 1 of 1 )
PBP: mass 1.400000e-02     3.974528e-02  4.381589e-02  -2.340511e-04  -2.339604e-04 ( 1 of 1 )
PBP: mass 1.400000e-02     4.106770e-02  3.944610e-02  -1.216144e-03  -1.215950e-03 ( 1 of 1 )
PBP: mass 1.400000e-02     4.052369e-02  3.800719e-02  1.575779e-03  1.575771e-03 ( 1 of 1 )
PBP: mass 1.400000e-02     4.045921e-02  4.703670e-02  5.117065e-03  5.116970e-03 ( 1 of 1 )
PBP: mass 1.400000e-02     3.906125e-02  4.768866e-02  4.376781e-03  4.376891e-03 ( 1 of 1 )
PBP: mass 1.400000e-02     3.646178e-02  4.495504e-02  3.127164e-04  3.126772e-04 ( 1 of 1 )
PBP: mass 1.400000e-02     3.964088e-02  4.417045e-02  8.702951e-05  8.673516e-05 ( 1 of 1 )
PBP: mass 1.400000e-02     4.094843e-02  4.176977e-02  -3.028565e-03  -3.028685e-03 ( 1 of 1 )
PBP: mass 1.400000e-02     4.747201e-02  3.490369e-02  8.594652e-04  8.597536e-04 ( 1 of 1 )
PBP: mass 1.400000e-02     4.586718e-02  4.166753e-02  -5.467310e-04  -5.467077e-04 ( 1 of 1 )
PBP: mass 1.400000e-02     4.529983e-02  4.145746e-02  1.144006e-03  1.143952e-03 ( 1 of 1 )
PBP: mass 1.400000e-02     4.277801e-02  4.112118e-02  -2.791429e-03  -2.791515e-03 ( 1 of 1 )
PBP: mass 1.400000e-02     4.438632e-02  4.402980e-02  -1.665789e-04  -1.666994e-04 ( 1 of 1 )
PBP: mass 1.400000e-02     4.384858e-02  4.053150e-02  1.720067e-05  1.714649e-05 ( 1 of 1 )
PBP: mass 1.400000e-02     4.052434e-02  3.858342e-02  -2.328605e-03  -2.328590e-03 ( 1 of 1 )
PBP: mass 1.400000e-02     4.329789e-02  4.141215e-02  -5.676775e-03  -5.676508e-03 ( 1 of 1 )
PBP: mass 1.400000e-02     4.397797e-02  4.407767e-02  4.552540e-03  4.552526e-03 ( 1 of 1 )
PBP: mass 1.400000e-02     4.229232e-02  4.953908e-02  -6.085151e-04  -6.085259e-04 ( 1 of 1 )
PBP: mass 1.400000e-02     3.757591e-02  4.254941e-02  -6.519114e-05  -6.542878e-05 ( 1 of 1 )
PBP: mass 1.400000e-02     4.165455e-02  3.859176e-02  -3.596198e-03  -3.596143e-03 ( 1 of 1 )
PBP: mass 1.400000e-02     4.382770e-02  4.331466e-02  3.519298e-03  3.519118e-03 ( 1 of 1 )
PBP: mass 1.400000e-02     4.871465e-02  3.515915e-02  -2.159447e-03  -2.159567e-03 ( 1 of 1 )
PBP: mass 1.400000e-02     4.388103e-02  3.811306e-02  -5.411782e-03  -5.411623e-03 ( 1 of 1 )
PBP: mass 1.400000e-02     3.914618e-02  4.720309e-02  -1.812936e-03  -1.812722e-03 ( 1 of 1 )
PBP: mass 1.400000e-02     3.895046e-02  4.248713e-02  2.094183e-03  2.094339e-03 ( 1 of 1 )
PBP: mass 1.400000e-02     4.303246e-02  4.376106e-02  -2.151452e-04  -2.151655e-04 ( 1 of 1 )
PBP: mass 1.400000e-02     4.772174e-02  3.723905e-02  -2.576000e-03  -2.575977e-03 ( 1 of 1 )
PBP: mass 1.400000e-02     4.562870e-02  3.863457e-02  1.035835e-03  1.035831e-03 ( 1 of 1 )
PBP: mass 1.400000e-02     4.178031e-02  4.263607e-02  1.941878e-03  1.941916e-03 ( 1 of 1 )
PBP: mass 1.400000e-02     4.230166e-02  4.099928e-02  -3.010381e-04  -3.011418e-04 ( 1 of 1 )
PBP: mass 1.400000e-02     4.201903e-02  3.925674e-02  -2.397973e-03  -2.397828e-03 ( 1 of 1 )
PBP: mass 1.400000e-02     3.771681e-02  4.097705e-02  -1.979400e-03  -1.979273e-03 ( 1 of 1 )
PBP: mass 1.400000e-02     4.394104e-02  3.450756e-02  2.288988e-03  2.289021e-03 ( 1 of 1 )
PBP: mass 1.400000e-02     3.056157e-02  4.394542e-02  4.071494e-03  4.071637e-03 ( 1 of 1 )
PBP: mass 1.400000e-02     3.256022e-02  4.100191e-02  2.486832e-04  2.487717e-04 ( 1 of 1 )
PBP: mass 1.400000e-02     4.301990e-02  4.026256e-02  -1.797540e-03  -1.797434e-03 ( 1 of 1 )
PBP: mass 1.400000e-02     4.009774e-02  3.757639e-02  4.950215e-04  4.949835e-04 ( 1 of 1 )
PBP: mass 1.400000e-02     4.441997e-02  3.470681e-02  -1.787234e-03  -1.787027e-03 ( 1 of 1 )
PBP: mass 1.400000e-02     4.031549e-02  3.237495e-02  3.974163e-03  3.973966e-03 ( 1 of 1 )
PBP: mass 1.400000e-02     4.466190e-02  4.154346e-02  1.197228e-05  1.211925e-05 ( 1 of 1 )
PBP: mass 1.400000e-02     3.863425e-02  3.725396e-02  5.556246e-03  5.555997e-03 ( 1 of 1 )
PBP: mass 1.400000e-02     3.309106e-02  4.264416e-02  -1.862010e-03  -1.862318e-03 ( 1 of 1 )
PBP: mass 1.400000e-02     3.753493e-02  4.248752e-02  -2.230929e-03  -2.230801e-03 ( 1 of 1 )
PBP: mass 1.400000e-02     4.229371e-02  3.451852e-02  -5.432380e-03  -5.432243e-03 ( 1 of 1 )
PBP: mass 1.400000e-02     4.474558e-02  4.437811e-02  -1.651752e-04  -1.651696e-04 ( 1 of 1 )
PBP: mass 1.400000e-02     4.186980e-02  4.253107e-02  -6.980423e-04  -6.980938e-04 ( 1 of 1 )
PBP: mass 1.400000e-02     3.591845e-02  4.292536e-02  -9.674525e-04  -9.674504e-04 ( 1 of 1 )
PBP: mass 1.400000e-02     4.408966e-02  4.150308e-02  2.802950e-03  2.803030e-03 ( 1 of 1 )
PBP: mass 1.400000e-02     4.162559e-02  3.638106e-02  1.733874e-03  1.733830e-03 ( 1 of 1 )
PBP: mass 1.400000e-02     4.311208e-02  3.885210e-02  -8.665320e-04  -8.662840e-04 ( 1 of 1 )
PBP: mass 1.400000e-02     3.969397e-02  4.239351e-02  9.147780e-04  9.146729e-04 ( 1 of 1 )
PBP: mass 1.400000e-02     4.209069e-02  4.310018e-02  2.926982e-03  2.927075e-03 ( 1 of 1 )
PBP: mass 1.400000e-02     4.579748e-02  3.834181e-02  1.485306e-03  1.485508e-03 ( 1 of 1 )
PBP: mass 1.400000e-02     4.778187e-02  4.337410e-02  -1.826863e-03  -1.826907e-03 ( 1 of 1 )
PBP: mass 1.400000e-02     5.650345e-02  3.117608e-02  -2.218356e-03  -2.218515e-03 ( 1 of 1 )
PBP: mass 1.400000e-02     3.711768e-02  4.805526e-02  4.851414e-04  4.851850e-04 ( 1 of 1 )
PBP: mass 1.400000e-02     4.367211e-02  4.121403e-02  4.990902e-04  4.993373e-04 ( 1 of 1 )
PBP: mass 1.400000e-02     4.462592e-02  4.384379e-02  -1.487836e-03  -1.487886e-03 ( 1 of 1 )
PBP: mass 1.400000e-02     4.126976e-02  4.195527e-02  3.512933e-03  3.513122e-03 ( 1 of 1 )
PBP: mass 1.400000e-02     3.982453e-02  4.278273e-02  -1.768444e-03  -1.768418e-03 ( 1 of 1 )
PBP: mass 1.400000e-02     4.630384e-02  3.712722e-02  3.271464e-03  3.271447e-03 ( 1 of 1 )
PBP: mass 1.400000e-02     4.095588e-02  4.455202e-02  5.031073e-04  5.031972e-04 ( 1 of 1 )
PBP: mass 1.400000e-02     4.970184e-02  3.851645e-02  -2.883496e-03  -2.883736e-03 ( 1 of 1 )
PBP: mass 1.400000e-02     4.262882e-02  3.826059e-02  -1.093145e-03  -1.093237e-03 ( 1 of 1 )
PBP: mass 1.400000e-02     3.219427e-02  4.640007e-02  -5.087961e-03  -5.088117e-03 ( 1 of 1 )
PBP: mass 1.400000e-02     3.791571e-02  4.262979e-02  -3.386845e-03  -3.386815e-03 ( 1 of 1 )
PBP: mass 1.400000e-02     4.190100e-02  3.689462e-02  -7.255652e-04  -7.254619e-04 ( 1 of 1 )
PBP: mass 1.400000e-02     4.050364e-02  3.889518e-02  -2.763706e-03  -2.763660e-03 ( 1 of 1 )
PBP: mass 1.400000e-02     3.871579e-02  4.477476e-02  -7.383239e-04  -7.384101e-04 ( 1 of 1 )
PBP: mass 1.400000e-02     3.866093e-02  4.043302e-02  -2.240129e-03  -2.240129e-03 ( 1 of 1 )
PBP: mass 1.400000e-02     3.907790e-02  4.080562e-02  -2.230923e-04  -2.228969e-04 ( 1 of 1 )
PBP: mass 1.400000e-02     3.968770e-02  4.154540e-02  1.938787e-03  1.938718e-03 ( 1 of 1 )
PBP: mass 1.400000e-02     4.081278e-02  4.767750e-02  3.793451e-03  3.793238e-03 ( 1 of 1 )
PBP: mass 1.400000e-02     4.177848e-02  3.991133e-02  -1.445130e-03  -1.445066e-03 ( 1 of 1 )
PBP: mass 1.400000e-02     4.695418e-02  4.072548e-02  2.384999e-03  2.384946e-03 ( 1 of 1 )
PBP: mass 1.400000e-02     4.151264e-02  3.848175e-02  6.693922e-04  6.695251e-04 ( 1 of 1 )
PBP: mass 1.400000e-02     4.159158e-02  4.324072e-02  4.352673e-03  4.352664e-03 ( 1 of 1 )
PBP: mass 1.400000e-02     3.940925e-02  4.353398e-02  -1.795790e-03  -1.795898e-03 ( 1 of 1 )
PBP: mass 1.400000e-02     4.038077e-02  4.315759e-02  -2.572570e-03  -2.572453e-03 ( 1 of 1 )
PBP: mass 1.400000e-02     4.527036e-02  4.960618e-02  -3.342217e-03  -3.342503e-03 ( 1 of 1 )
PBP: mass 1.400000e-02     4.703958e-02  3.798022e-02  1.830396e-03  1.830483e-03 ( 1 of 1 )
PBP: mass 1.400000e-02     4.156475e-02  4.411960e-02  5.017856e-05  4.976661e-05 ( 1 of 1 )
PBP: mass 1.400000e-02     3.747121e-02  4.344537e-02  -4.559333e-04  -4.560948e-04 ( 1 of 1 )
PBP: mass 1.400000e-02     4.030650e-02  4.006814e-02  -4.024428e-03  -4.024599e-03 ( 1 of 1 )
PBP: mass 1.400000e-02     4.990275e-02  4.120913e-02  1.223010e-03  1.222954e-03 ( 1 of 1 )
PBP: mass 1.400000e-02     4.435380e-02  4.011677e-02  8.618339e-04  8.619995e-04 ( 1 of 1 )
PBP: mass 1.400000e-02     4.296254e-02  4.197316e-02  -1.091732e-03  -1.091915e-03 ( 1 of 1 )
PBP: mass 1.400000e-02     4.925588e-02  3.580748e-02  4.258028e-03  4.257944e-03 ( 1 of 1 )
PBP: mass 1.400000e-02     4.228304e-02  3.674084e-02  -5.442350e-04  -5.442049e-04 ( 1 of 1 )
PBP: mass 1.400000e-02     4.113426e-02  4.048788e-02  3.498143e-03  3.498233e-03 ( 1 of 1 )
PBP: mass 1.400000e-02     3.927513e-02  4.142591e-02  -2.450803e-03  -2.450734e-03 ( 1 of 1 )
PBP: mass 1.400000e-02     3.867773e-02  3.630468e-02  1.419877e-03  1.419703e-03 ( 1 of 1 )
PBP: mass 1.400000e-02     3.558852e-02  4.168183e-02  3.356978e-03  3.356689e-03 ( 1 of 1 )
PBP: mass 1.400000e-02     3.730175e-02  3.612779e-02  -1.435035e-03  -1.435257e-03 ( 1 of 1 )
PBP: mass 1.400000e-02     4.385893e-02  4.104143e-02  1.192318e-03  1.192203e-03 ( 1 of 1 )
PBP: mass 1.400000e-02     3.904046e-02  3.962287e-02  4.631289e-03  4.631513e-03 ( 1 of 1 )
PBP: mass 1.400000e-02     4.283527e-02  4.163805e-02  -2.368237e-03  -2.368275e-03 ( 1 of 1 )
PBP: mass 1.400000e-02     4.111080e-02  4.172979e-02  2.367030e-03  2.366818e-03 ( 1 of 1 )
PBP: mass 1.400000e-02     3.504965e-02  4.802967e-02  -1.447507e-03  -1.447527e-03 ( 1 of 1 )
PBP: mass 1.400000e-02     3.987500e-02  4.208006e-02  -2.622926e-03  -2.623000e-03 ( 1 of 1 )
PBP: mass 1.400000e-02     3.860901e-02  3.439859e-02  -3.803435e-03  -3.803396e-03 ( 1 of 1 )
PBP: mass 1.400000e-02     3.948339e-02  3.909923e-02  -2.278050e-03  -2.278118e-03 ( 1 of 1 )
PBP: mass 1.400000e-02     4.128945e-02  3.484080e-02  -1.437938e-03  -1.438184e-03 ( 1 of 1 )
PBP: mass 1.400000e-02     3.717313e-02  4.369269e-02  -2.543986e-04  -2.542138e-04 ( 1 of 1 )
PBP: mass 1.400000e-02     3.488919e-02  4.344452e-02  -1.242884e-03  -1.242668e-03 ( 1 of 1 )
PBP: mass 1.400000e-02     4.302096e-02  4.012135e-02  3.712369e-03  3.712298e-03 ( 1 of 1 )
PBP: mass 1.400000e-02     3.821720e-02  4.488876e-02  9.771351e-04  9.773237e-04 ( 1 of 1 )
PBP: mass 1.400000e-02     4.083195e-02  3.978576e-02  3.537497e-03  3.537399e-03 ( 1 of 1 )
PBP: mass 1.400000e-02     4.051406e-02  4.677420e-02  2.047724e-03  2.047710e-03 ( 1 of 1 )
PBP: mass 1.400000e-02     3.523822e-02  4.311210e-02  6.102445e-04  6.104318e-04 ( 1 of 1 )
PBP: mass 1.400000e-02     4.911879e-02  3.833896e-02  -1.076842e-03  -1.076696e-03 ( 1 of 1 )
PBP: mass 1.400000e-02     3.394440e-02  5.511249e-02  2.864212e-04  2.863921e-04 ( 1 of 1 )
PBP: mass 1.400000e-02     3.482787e-02  4.217339e-02  3.808933e-03  3.809036e-03 ( 1 of 1 )
PBP: mass 1.400000e-02     3.817021e-02  4.200812e-02  2.654986e-03  2.654731e-03 ( 1 of 1 )
PBP: mass 1.400000e-02     3.632632e-02  3.876946e-02  3.716239e-03  3.716187e-03 ( 1 of 1 )
PBP: mass 1.400000e-02     4.342797e-02  3.714512e-02  -2.770570e-04  -2.772003e-04 ( 1 of 1 )
PBP: mass 1.400000e-02     3.753405e-02  3.519301e-02  -3.377994e-03  -3.378055e-03 ( 1 of 1 )
PBP: mass 1.400000e-02     3.319117e-02  4.559206e-02  1.863013e-04  1.865220e-04 ( 1 of 1 )
PBP: mass 1.400000e-02     3.926053e-02  3.474434e-02  -9.333066e-04  -9.332174e-04 ( 1 of 1 )
PBP: mass 1.400000e-02     3.769800e-02  4.219068e-02  -2.086636e-03  -2.086523e-03 ( 1 of 1 )
PBP: mass 1.400000e-02     3.808059e-02  4.388501e-02  -4.720583e-03  -4.720672e-03 ( 1 of 1 )
PBP: mass 1.400000e-02     2.714632e-02  4.927614e-02  -1.490329e-03  -1.490407e-03 ( 1 of 1 )
PBP: mass 1.400000e-02     4.077520e-02  3.734159e-02  -1.492295e-03  -1.492277e-03 ( 1 of 1 )
PBP: mass 1.400000e-02     3.882329e-02  4.105960e-02  1.926700e-03  1.926717e-03 ( 1 of 1 )
PBP: mass 1.400000e-02     3.280865e-02  5.291574e-02  -6.969700e-03  -6.969748e-03 ( 1 of 1 )
PBP: mass 1.400000e-02     4.590032e-02  3.504709e-02  4.692139e-04  4.693519e-04 ( 1 of 1 )
PBP: mass 1.400000e-02     3.795743e-02  4.120439e-02  -2.957179e-03  -2.957279e-03 ( 1 of 1 )
PBP: mass 1.400000e-02     4.034871e-02  3.806411e-02  1.241610e-03  1.241705e-03 ( 1 of 1 )
PBP: mass 1.400000e-02     3.731290e-02  4.205916e-02  -2.016632e-03  -2.016516e-03 ( 1 of 1 )
PBP: mass 1.400000e-02     4.040288e-02  3.988471e-02  2.587992e-03  2.587948e-03 ( 1 of 1 )
PBP: mass 1.400000e-02     3.610993e-02  4.036618e-02  1.451644e-04  1.452756e-04 ( 1 of 1 )
PBP: mass 1.400000e-02     4.123694e-02  4.839612e-02  -1.200541e-03  -1.200591e-03 ( 1 of 1 )
PBP: mass 1.400000e-02     4.590268e-02  4.383895e-02  -1.503032e-03  -1.502901e-03 ( 1 of 1 )
PBP: mass 1.400000e-02     3.684426e-02  5.293574e-02  -3.534772e-03  -3.535039e-03 ( 1 of 1 )
PBP: mass 1.400000e-02     3.598805e-02  4.131893e-02  -9.638222e-04  -9.639135e-04 ( 1 of 1 )
PBP: mass 1.400000e-02     4.609555e-02  3.652706e-02  2.413962e-03  2.413981e-03 ( 1 of 1 )
PBP: mass 1.400000e-02     4.450251e-02  3.706995e-02  2.158709e-03  2.158633e-03 ( 1 of 1 )
PBP: mass 1.400000e-02     4.060581e-02  3.959853e-02  5.411352e-04  5.412324e-04 ( 1 of 1 )
PBP: mass 1.400000e-02     4.265602e-02  4.160636e-02  -1.913558e-03  -1.913576e-03 ( 1 of 1 )
PBP: mass 1.400000e-02     4.087089e-02  3.860243e-02  1.876549e-03  1.876625e-03 ( 1 of 1 )
PBP: mass 1.400000e-02     3.997252e-02  3.832463e-02  -2.604432e-03  -2.604185e-03 ( 1 of 1 )
PBP: mass 1.400000e-02     3.279579e-02  4.878963e-02  2.913768e-04  2.912159e-04 ( 1 of 1 )
PBP: mass 1.400000e-02     4.265755e-02  4.373238e-02  2.143175e-03  2.143368e-03 ( 1 of 1 )
PBP: mass 1.400000e-02     3.873339e-02  4.440112e-02  -2.004187e-04  -2.002941e-04 ( 1 of 1 )
PBP: mass 1.400000e-02     4.038730e-02  3.630511e-02  6.437509e-04  6.436932e-04 ( 1 of 1 )
PBP: mass 1.400000e-02     3.178967e-02  4.933973e-02  3.602529e-03  3.602639e-03 ( 1 of 1 )
PBP: mass 1.400000e-02     3.759775e-02  4.224536e-02  2.060053e-03  2.060096e-03 ( 1 of 1 )
PBP: mass 1.400000e-02     4.116795e-02  3.327645e-02  -3.539758e-03  -3.539670e-03 ( 1 of 1 )
PBP: mass 1.400000e-02     3.511631e-02  3.841362e-02  2.834735e-03  2.834883e-03 ( 1 of 1 )
PBP: mass 1.400000e-02     4.322897e-02  3.885443e-02  -5.898928e-04  -5.896436e-04 ( 1 of 1 )
PBP: mass 1.400000e-02     3.780749e-02  4.206284e-02  -1.485761e-03  -1.485850e-03 ( 1 of 1 )
PBP: mass 1.400000e-02     3.908421e-02  4.015429e-02  -2.261753e-03  -2.261565e-03 ( 1 of 1 )
PBP: mass 1.400000e-02     4.585779e-02  3.958045e-02  -2.655005e-03  -2.654730e-03 ( 1 of 1 )
PBP: mass 1.400000e-02     4.346942e-02  3.941654e-02  1.204829e-03  1.204851e-03 ( 1 of 1 )
PBP: mass 1.400000e-02     4.374819e-02  3.599572e-02  -3.565642e-03  -3.565638e-03 ( 1 of 1 )
PBP: mass 1.400000e-02     4.122112e-02  3.632150e-02  -1.688071e-04  -1.687539e-04 ( 1 of 1 )
PBP: mass 1.400000e-02     4.342975e-02  4.024830e-02  1.959796e-03  1.959954e-03 ( 1 of 1 )
PBP: mass 1.400000e-02     4.396022e-02  3.622424e-02  -3.804880e-04  -3.804560e-04 ( 1 of 1 )
PBP: mass 1.400000e-02     4.349774e-02  4.043203e-02  -1.062400e-03  -1.062598e-03 ( 1 of 1 )
PBP: mass 1.400000e-02     3.907585e-02  4.010077e-02  -1.762755e-03  -1.762716e-03 ( 1 of 1 )
PBP: mass 1.400000e-02     4.692103e-02  3.755479e-02  1.422947e-03  1.423089e-03 ( 1 of 1 )
PBP: mass 1.400000e-02     3.805874e-02  4.463818e-02  -7.973713e-04  -7.974533e-04 ( 1 of 1 )
PBP: mass 1.400000e-02     3.751704e-02  4.656092e-02  -6.159228e-03  -6.159063e-03 ( 1 of 1 )
PBP: mass 1.400000e-02     4.718301e-02  3.413212e-02  -3.824760e-03  -3.824867e-03 ( 1 of 1 )
PBP: mass 1.400000e-02     3.714958e-02  3.823144e-02  -6.056023e-03  -6.056010e-03 ( 1 of 1 )
PBP: mass 1.400000e-02     3.922065e-02  3.739072e-02  -7.740258e-05  -7.742540e-05 ( 1 of 1 )
PBP: mass 1.400000e-02     4.273426e-02  4.150918e-02  2.891787e-03  2.891824e-03 ( 1 of 1 )
PBP: mass 1.400000e-02     4.088386e-02  4.398451e-02  4.764283e-03  4.764222e-03 ( 1 of 1 )
PBP: mass 1.400000e-02     4.467255e-02  4.432081e-02  2.027475e-03  2.027455e-03 ( 1 of 1 )
PBP: mass 1.400000e-02     4.401272e-02  3.609217e-02  5.558306e-03  5.558408e-03 ( 1 of 1 )
PBP: mass 1.400000e-02     3.823054e-02  4.076864e-02  7.143092e-04  7.144160e-04 ( 1 of 1 )
PBP: mass 1.400000e-02     3.816835e-02  4.236328e-02  -1.278559e-03  -1.278680e-03 ( 1 of 1 )
PBP: mass 1.400000e-02     3.403351e-02  4.458465e-02  1.266072e-03  1.266319e-03 ( 1 of 1 )
PBP: mass 1.400000e-02     3.773392e-02  4.319050e-02  7.165422e-04  7.166551e-04 ( 1 of 1 )
PBP: mass 1.400000e-02     4.196172e-02  4.316904e-02  3.508246e-03  3.508347e-03 ( 1 of 1 )
PBP: mass 1.400000e-02     3.958441e-02  4.113800e-02  9.020167e-04  9.020809e-04 ( 1 of 1 )
PBP: mass 1.400000e-02     4.787432e-02  3.960836e-02  -3.361788e-03  -3.361792e-03 ( 1 of 1 )
PBP: mass 1.400000e-02     4.106743e-02  4.524714e-02  9.002823e-04  9.002226e-04 ( 1 of 1 )
PBP: mass 1.400000e-02     3.662071e-02  4.665822e-02  -2.924770e-03  -2.924868e-03 ( 1 of 1 )
PBP: mass 1.400000e-02     4.276430e-02  4.005583e-02  1.250580e-03  1.250707e-03 ( 1 of 1 )
PBP: mass 1.400000e-02     4.204480e-02  3.744198e-02  1.049233e-04  1.047513e-04 ( 1 of 1 )
PBP: mass 1.400000e-02     3.719700e-02  4.417640e-02  1.456840e-03  1.456804e-03 ( 1 of 1 )
PBP: mass 1.400000e-02     3.860680e-02  3.987777e-02  2.442393e-04  2.441231e-04 ( 1 of 1 )
PBP: mass 1.400000e-02     4.101563e-02  3.265181e-02  -9.338952e-04  -9.342160e-04 ( 1 of 1 )
PBP: mass 1.400000e-02     3.994051e-02  3.921797e-02  4.545889e-04  4.545434e-04 ( 1 of 1 )
PBP: mass 1.400000e-02     4.408990e-02  3.474710e-02  1.251178e-03  1.251181e-03 ( 1 of 1 )
PBP: mass 1.400000e-02     3.495994e-02  4.847212e-02  -2.153915e-03  -2.153813e-03 ( 1 of 1 )
PBP: mass 1.400000e-02     4.256855e-02  4.234236e-02  4.437373e-03  4.437148e-03 ( 1 of 1 )
PBP: mass 1.400000e-02     3.947928e-02  4.249954e-02  -1.672714e-03  -1.673037e-03 ( 1 of 1 )
PBP: mass 1.400000e-02     4.252399e-02  5.011671e-02  -2.488717e-03  -2.488817e-03 ( 1 of 1 )
PBP: mass 1.400000e-02     3.897264e-02  4.068769e-02  -4.903596e-03  -4.903533e-03 ( 1 of 1 )
PBP: mass 1.400000e-02     4.475644e-02  3.918889e-02  1.075457e-04  1.076003e-04 ( 1 of 1 )
PBP: mass 1.400000e-02     4.618501e-02  4.270466e-02  3.451105e-03  3.450629e-03 ( 1 of 1 )
PBP: mass 1.400000e-02     4.521351e-02  4.417245e-02  3.749153e-03  3.749172e-03 ( 1 of 1 )
PBP: mass 1.400000e-02     4.181194e-02  4.408260e-02  -3.903898e-03  -3.904023e-03 ( 1 of 1 )
PBP: mass 1.400000e-02     4.223010e-02  4.486152e-02  -1.379256e-03  -1.379156e-03 ( 1 of 1 )
PBP: mass 1.400000e-02     3.901843e-02  4.392539e-02  9.634241e-04  9.633149e-04 ( 1 of 1 )
PBP: mass 1.400000e-02     4.145193e-02  5.460296e-02  1.783821e-04  1.781036e-04 ( 1 of 1 )
PBP: mass 1.400000e-02     4.118658e-02  4.241909e-02  4.845258e-03  4.845350e-03 ( 1 of 1 )
PBP: mass 1.400000e-02     4.127154e-02  4.334606e-02  4.348503e-03  4.348264e-03 ( 1 of 1 )
PBP: mass 1.400000e-02     3.973772e-02  4.511820e-02  2.052404e-03  2.052607e-03 ( 1 of 1 )
PBP: mass 1.400000e-02     3.459845e-02  4.547013e-02  2.148304e-03  2.148576e-03 ( 1 of 1 )
PBP: mass 1.400000e-02     4.227663e-02  4.785327e-02  -8.208201e-04  -8.208891e-04 ( 1 of 1 )
PBP: mass 1.400000e-02     4.396339e-02  4.457513e-02  2.692245e-03  2.692238e-03 ( 1 of 1 )
PBP: mass 1.400000e-02     4.412699e-02  3.707546e-02  2.278092e-03  2.278226e-03 ( 1 of 1 )
PBP: mass 1.400000e-02     4.457845e-02  4.270787e-02  8.306699e-04  8.307851e-04 ( 1 of 1 )
PBP: mass 1.400000e-02     3.156860e-02  4.299191e-02  3.799187e-03  3.799223e-03 ( 1 of 1 )
PBP: mass 1.400000e-02     3.792802e-02  3.990611e-02  -4.631045e-03  -4.630929e-03 ( 1 of 1 )
PBP: mass 1.400000e-02     4.285323e-02  4.001007e-02  -1.879625e-03  -1.879660e-03 ( 1 of 1 )
PBP: mass 1.400000e-02     3.949737e-02  4.200783e-02  -2.939106e-03  -2.939300e-03 ( 1 of 1 )
PBP: mass 1.400000e-02     3.986175e-02  3.934078e-02  -5.785944e-04  -5.784517e-04 ( 1 of 1 )
PBP: mass 1.400000e-02     3.461851e-02  4.499425e-02  1.838929e-03  1.838925e-03 ( 1 of 1 )
PBP: mass 1.400000e-02     3.688415e-02  3.753986e-02  2.738067e-03  2.737736e-03 ( 1 of 1 )
PBP: mass 1.400000e-02     3.279918e-02  4.316397e-02  2.124701e-04  2.125547e-04 ( 1 of 1 )
PBP: mass 1.400000e-02     3.887493e-02  3.684831e-02  3.134634e-03  3.134864e-03 ( 1 of 1 )
PBP: mass 1.400000e-02     3.989099e-02  4.387792e-02  2.956544e-04  2.956283e-04 ( 1 of 1 )
PBP: mass 1.400000e-02     4.567647e-02  3.254288e-02  2.170423e-03  2.170373e-03 ( 1 of 1 )
PBP: mass 1.400000e-02     4.406760e-02  3.673131e-02  1.429745e-04  1.428322e-04 ( 1 of 1 )
PBP: mass 1.400000e-02     3.977439e-02  3.674755e-02  -2.366451e-03  -2.366428e-03 ( 1 of 1 )
PBP: mass 1.400000e-02     3.688178e-02  3.900771e-02  1.921810e-03  1.921808e-03 ( 1 of 1 )
PBP: mass 1.400000e-02     4.221748e-02  4.065700e-02  -3.225876e-03  -3.225774e-03 ( 1 of 1 )
PBP: mass 1.400000e-02     4.409581e-02  4.004887e-02  -1.187724e-03  -1.187845e-03 ( 1 of 1 )
PBP: mass 1.400000e-02     3.816571e-02  3.566466e-02  8.365088e-05  8.360756e-05 ( 1 of 1 )
PBP: mass 1.400000e-02     3.581880e-02  4.379775e-02  -4.173628e-03  -4.173745e-03 ( 1 of 1 )
PBP: mass 1.400000e-02     4.988866e-02  3.200574e-02  9.601192e-04  9.601697e-04 ( 1 of 1 )
PBP: mass 1.400000e-02     4.001708e-02  3.684300e-02  -3.252335e-03  -3.252487e-03 ( 1 of 1 )
PBP: mass 1.400000e-02     3.475417e-02  4.230093e-02  4.341207e-04  4.341425e-04 ( 1 of 1 )
PBP: mass 1.400000e-02     4.057153e-02  3.990786e-02  4.240975e-04  4.242820e-04 ( 1 of 1 )
PBP: mass 1.400000e-02     4.308197e-02  3.693896e-02  -5.313047e-04  -5.313843e-04 ( 1 of 1 )
PBP: mass 1.400000e-02     3.846627e-02  4.192188e-02  2.436381e-03  2.436292e-03 ( 1 of 1 )
PBP: mass 1.400000e-02     4.604288e-02  3.673923e-02  -2.815778e-03  -2.815644e-03 ( 1 of 1 )
PBP: mass 1.400000e-02     4.774316e-02  3.841495e-02  1.028811e-03  1.028956e-03 ( 1 of 1 )
PBP: mass 1.400000e-02     3.846509e-02  4.340898e-02  2.446424e-03  2.446419e-03 ( 1 of 1 )
PBP: mass 1.400000e-02     4.519191e-02  3.953075e-02  8.249560e-04  8.247835e-04 ( 1 of 1 )
PBP: mass 1.400000e-02     3.660682e-02  4.452056e-02  -1.063575e-04  -1.063621e-04 ( 1 of 1 )
PBP: mass 1.400000e-02     3.644102e-02  4.077545e-02  -4.262502e-03  -4.262510e-03 ( 1 of 1 )
PBP: mass 1.400000e-02     4.323450e-02  4.251611e-02  -2.410676e-03  -2.410645e-03 ( 1 of 1 )
PBP: mass 1.400000e-02     3.994185e-02  3.754771e-02  9.159743e-04  9.159974e-04 ( 1 of 1 )
PBP: mass 1.400000e-02     3.665011e-02  4.213836e-02  -6.719933e-03  -6.720145e-03 ( 1 of 1 )
PBP: mass 1.400000e-02     4.024421e-02  4.150799e-02  -3.639232e-03  -3.639275e-03 ( 1 of 1 )
PBP: mass 1.400000e-02     5.059118e-02  3.090004e-02  -1.601474e-03  -1.601508e-03 ( 1 of 1 )
PBP: mass 1.400000e-02     4.128289e-02  4.211207e-02  -3.908797e-03  -3.908571e-03 ( 1 of 1 )
PBP: mass 1.400000e-02     3.929955e-02  4.265782e-02  -1.692774e-03  -1.692694e-03 ( 1 of 1 )
PBP: mass 1.400000e-02     3.864164e-02  4.103233e-02  -1.454098e-03  -1.454170e-03 ( 1 of 1 )
PBP: mass 1.400000e-02     3.899482e-02  4.648725e-02  -5.525853e-03  -5.525933e-03 ( 1 of 1 )
PBP: mass 1.400000e-02     4.760281e-02  4.213866e-02  2.270471e-03  2.270399e-03 ( 1 of 1 )
PBP: mass 1.400000e-02     4.587058e-02  3.988743e-02  4.608868e-04  4.610463e-04 ( 1 of 1 )
PBP: mass 1.400000e-02     4.011718e-02  4.188981e-02  1.614020e-05  1.600513e-05 ( 1 of 1 )
PBP: mass 1.400000e-02     3.877374e-02  5.170669e-02  -1.209389e-04  -1.207980e-04 ( 1 of 1 )
PBP: mass 1.400000e-02     3.476196e-02  4.473804e-02  9.964218e-04  9.962199e-04 ( 1 of 1 )
PBP: mass 1.400000e-02     3.740655e-02  3.615035e-02  -2.675338e-04  -2.675390e-04 ( 1 of 1 )
PBP: mass 1.400000e-02     3.541782e-02  4.922776e-02  -2.535936e-03  -2.536002e-03 ( 1 of 1 )
PBP: mass 1.400000e-02     4.374640e-02  3.759374e-02  -3.669519e-03  -3.669610e-03 ( 1 of 1 )
PBP: mass 1.400000e-02     4.923424e-02  4.068482e-02  -1.934733e-03  -1.934460e-03 ( 1 of 1 )
PBP: mass 1.400000e-02     4.323032e-02  4.272120e-02  2.952364e-03  2.952184e-03 ( 1 of 1 )
PBP: mass 1.400000e-02     3.417285e-02  4.377193e-02  1.823633e-03  1.823478e-03 ( 1 of 1 )
PBP: mass 1.400000e-02     3.346243e-02  4.924888e-02  -8.485701e-04  -8.487097e-04 ( 1 of 1 )
PBP: mass 1.400000e-02     4.115934e-02  3.367687e-02  -4.267206e-03  -4.267414e-03 ( 1 of 1 )
PBP: mass 1.400000e-02     3.950784e-02  4.167580e-02  5.079216e-03  5.079363e-03 ( 1 of 1 )
PBP: mass 1.400000e-02     3.657019e-02  3.903527e-02  -2.054751e-03  -2.055013e-03 ( 1 of 1 )
PBP: mass 1.400000e-02     3.278355e-02  3.969793e-02  -4.693287e-03  -4.693132e-03 ( 1 of 1 )
PBP: mass 1.400000e-02     3.643206e-02  3.797322e-02  5.204055e-03  5.204169e-03 ( 1 of 1 )
PBP: mass 1.400000e-02     3.889884e-02  3.193095e-02  1.250650e-03  1.250781e-03 ( 1 of 1 )
PBP: mass 1.400000e-02     4.347883e-02  3.669209e-02  1.529035e-03  1.529128e-03 ( 1 of 1 )
PBP: mass 1.400000e-02     4.431232e-02  4.093261e-02  7.711316e-04  7.709283e-04 ( 1 of 1 )
PBP: mass 1.400000e-02     3.538693e-02  4.249156e-02  -2.560935e-03  -2.560919e-03 ( 1 of 1 )
PBP: mass 1.400000e-02     4.179650e-02  3.635813e-02  -2.395138e-03  -2.395162e-03 ( 1 of 1 )
PBP: mass 1.400000e-02     3.335724e-02  4.232215e-02  2.259434e-03  2.259231e-03 ( 1 of 1 )
PBP: mass 1.400000e-02     4.054913e-02  3.946198e-02  -4.570995e-04  -4.570871e-04 ( 1 of 1 )
PBP: mass 1.400000e-02     3.557847e-02  4.317118e-02  -1.960748e-04  -1.960312e-04 ( 1 of 1 )
PBP: mass 1.400000e-02     4.575211e-02  3.210642e-02  2.866695e-03  2.866714e-03 ( 1 of 1 )
PBP: mass 1.400000e-02     3.429116e-02  4.168432e-02  -9.906692e-04  -9.908325e-04 ( 1 of 1 )
PBP: mass 1.400000e-02     3.670875e-02  3.799252e-02  8.749265e-04  8.747537e-04 ( 1 of 1 )
PBP: mass 1.400000e-02     4.785932e-02  3.299266e-02  -1.220125e-03  -1.220265e-03 ( 1 of 1 )
PBP: mass 1.400000e-02     4.047820e-02  4.043052e-02  -1.592814e-03  -1.592851e-03 ( 1 of 1 )
PBP: mass 1.400000e-02     3.268657e-02  4.598436e-02  3.551678e-05  3.547639e-05 ( 1 of 1 )
PBP: mass 1.400000e-02     3.654086e-02  3.969330e-02  -9.550975e-04  -9.552821e-04 ( 1 of 1 )
PBP: mass 1.400000e-02     3.414178e-02  4.489303e-02  2.065516e-03  2.065058e-03 ( 1 of 1 )
PBP: mass 1.400000e-02     3.852487e-02  3.761191e-02  8.337064e-04  8.335656e-04 ( 1 of 1 )
PBP: mass 1.400000e-02     4.101916e-02  4.078163e-02  2.843318e-04  2.842272e-04 ( 1 of 1 )
PBP: mass 1.400000e-02     3.605824e-02  4.437033e-02  -2.116525e-04  -2.118467e-04 ( 1 of 1 )
