
# Table for hisq tuning fits

xiR = 1.2

Nx = 16, Nt = 32

m     p^2  xif_0   E        dE         tmin tmax chisq/dof  dof Q          N M

0.05  0    1       0.415365 0.000686   12   16   1.00468471 3   0.38946338 1 0
0.05  0    1.2     0.375605 0.000646   12   16   1.11469052 3   0.34155566 1 0
0.05  0    1.4     0.345529 0.000518   11   16   0.93062239 4   0.44486340 1 0

0.05  1    1       0.550255 0.001133   8    16   1.01808682 5   0.40494356 1 1
0.05  1    1.2     0.497202 0.000933   8    16   0.91820174 5   0.46779989 1 1
0.05  1    1.4     0.455880 0.000605   7    16   0.75064686 6   0.60882159 1 1

0.05  2    1       0.662206 0.003553   9    16   0.91606658 4   0.45334449 1 1
0.05  2    1.2     0.596866 0.002494   9    16   0.93094279 4   0.44467799 1 1
0.05  2    1.4     0.546493 0.001877   9    16   0.87764965 4   0.47626864 1 1

0.07  0    1       0.491793 0.000542   11   16   0.94900732 4   0.43431346 1 0
0.07  0    1.2     0.443484 0.000504   11   16   1.10178337 4   0.35370150 1 0
0.07  0    1.4     0.406975 0.000446   10   16   1.03654739 5   0.39398842 1 0

0.07  1    1       0.610712 0.000871   8    16   0.74433818 5   0.59013937 1 1
0.07  1    1.2     0.550173 0.000728   8    16   0.70346959 5   0.62076430 1 1
0.07  1    1.4     0.503775 0.000621   8    16   0.61058800 5   0.69182416 1 1

0.07  2    1       0.712492 0.001909   8    16   0.92769530 5   0.46157217 1 1
0.07  2    1.2     0.641248 0.001411   8    16   0.94319275 5   0.45151788 1 1
0.07  2    1.4     0.586203 0.001098   8    16   0.83612062 5   0.52371750 1 1

0.09  0    1       0.559310 0.000509   11   16   0.98750646 4   0.41281137 1 0
0.09  0    1.2     0.503046 0.000450   10   16   0.99915525 5   0.41639588 1 0
0.09  0    1.4     0.460540 0.000400   9    16   0.98626684 6   0.43248357 1 0

0.09  1    1       0.666816 0.000733   8    16   0.66614573 5   0.64914052 1 1
0.09  1    1.2     0.599037 0.000618   8    16   0.68152093 5   0.63741198 1 1
0.09  1    1.4     0.547299 0.000531   8    16   0.72442364 5   0.60499543 1 1

0.09  2    1       0.761363 0.001425   8    16   0.99527220 5   0.41877194 1 1
0.09  2    1.2     0.683428 0.001073   8    16   1.05929635 5   0.38077851 1 1
0.09  2    1.4     0.623451 0.000847   8    16   0.95510610 5   0.44388442 1 1


xiR = 1.5

Nx = 16, Nt = 48

m     p^2  xif_0   E        dE         tmin tmax chisq/dof  dof Q          N M

0.07  0    1.05    0.437793 0.000447   15   21   1.09928630 5   0.35833734 1 0
0.07  0    1.25    0.396045 0.000407   15   21   1.09421808 5   0.36112634 1 0
0.07  0    1.45    0.364207 0.000377   15   21   1.03551442 5   0.39459586 1 0
0.07  0    1.65    0.339045 0.000332   15   22   1.12871048 6   0.34242274 1 0 

0.07  1    1.05    0.543105 0.000689   9    22   1.01595335 10  0.42661020 1 1 
0.07  1    1.25    0.491257 0.000572   9    22   1.02718817 10  0.41697280 1 1 
0.07  1    1.45    0.451310 0.000489   9    23   0.99310590 11  0.44963825 1 1 
0.07  1    1.65    0.419552 0.000523   10   17   1.02147431 4   0.39450572 1 1 

0.07  2    1.05    0.625902 0.002835   12   24   1.36469535 9   0.19786061 1 1 
0.07  2    1.25    0.571397 0.002444   13   24   0.97937023 8   0.44975553 1 1 
0.07  2    1.45    0.525028 0.001850   13   24   1.26963612 8   0.25417304 1 1 
0.07  2    1.65    0.487420 0.001453   13   24   1.50208434 8   0.15046145 1 1

0.03  0    1.497   0.236879 0.000231   7    22   1.02213541 14  0.42688804 1 0 
0.05  0    1.497   0.303449 0.000267   9    22   1.02990311 12  0.41730815 1 0 
0.07  0    1.497   0.358000 0.000284   10   21   1.17223426 10  0.30406882 1 0 
0.09  0    1.497   0.406046 0.000307   10   19   1.31296662 8   0.23143362 1 0


xiR = 2.0

Nx = 16, Nt = 64

0.07  0    1.84    0.282676 0.000266   5    25   0.90917607 17  0.56267279 2 0
0.07  0    1.92    0.276031 0.000262   5    25   0.90303889 17  0.57016791 2 0
0.07  0    2       0.269826 0.000259   5    25   0.89756203 17  0.57686425 2 0

0.07  1    1.84    0.349677 0.000465   5    25   0.98087466 15  0.47227231 2 1
0.07  1    1.92    0.341344 0.000448   5    25   1.05036490 15  0.39848661 2 1 
0.07  1    2       0.333887 0.000562   6    25   1.01364986 14  0.43557332 2 1 

0.07  2    1.84    0.406881 0.001793   9    30   0.37411176 16  0.98824829 2 1 
0.07  2    1.92    0.397139 0.001651   9    30   0.37880998 16  0.98742353 2 1 
0.07  2    2       0.387998 0.001527   9    30   0.38667668 16  0.98594879 2 1  

0.05  0    1.98    0.230235 0.000240   15   30   1.08428468 13  0.36713894 1 0
0.07  0    1.98    0.271829 0.000253   15   27   1.01922400 10  0.42379250 1 0
0.09  0    1.98    0.308312 0.000240   15   28   1.12919710 11  0.33283181 1 0
0.11  0    1.98    0.341458 0.000269   15   23   1.01737426 6   0.41161441 1 0
