# Table for naive staggered tuning fits


xiR = 1.2

Nx = 16, Nt = 32

m     p^2  xif_0   E        dE         tmin tmax chisq/dof  dof Q          N M

0.02  0    1       0.358196 0.000442   12   16   1.11155676 3   0.34284627 1 0
0.02  0    1.2     0.315668 0.000414   12   16   1.06803593 3   0.36121358 1 0
0.02  0    1.4     0.283860 0.000387   12   16   1.17993235 3   0.31563714 1 0

0.02  1    1       0.497786 0.001015   10   16   1.00860894 5   0.41064959 1 0
0.02  1    1.2     0.436911 0.000756   10   16   1.05905276 3   0.36510908 1 1
0.02  1    1.4     0.390123 0.000506   8    13   0.74068838 2   0.47678559 1 1 

0.02  2    1       0.599168 0.001493   6    16   1.41616512 7   0.19354850 1 1
0.02  2    1.2     0.527607 0.002017   9    16   0.95468932 4   0.43108969 1 1
0.02  2    1.4     0.471224 0.001445   9    15   1.07771225 3   0.35705770 1 1

0.04  0    1       0.498545 0.000247   9    16   1.05976664 6   0.38424065 1 0
0.04  0    1.2     0.436800 0.000257   11   16   0.99823518 4   0.40696206 1 0
0.04  0    1.4     0.390631 0.000234   11   16   0.92548797 4   0.44784210 1 0

0.04  1    1       0.604616 0.000495   9    15   0.87862096 3   0.45123698 1 1
0.04  1    1.2     0.528084 0.000355   8    16   1.52581293 5   0.17789832 1 1
0.04  1    1.4     0.470496 0.000316   9    16   1.30367354 4   0.26596928 1 1
 
0.04  2    1       0.692786 0.001214   9    14   0.92926333 2   0.39484447 1 1
0.04  2    1.2     0.604423 0.000684   8    16   1.04512186 5   0.38897168 1 1
0.04  2    1.4     0.537096 0.000520   8    16   1.39946733 5   0.22083846 1 1

0.06  0    1       0.603992 0.000218   10   16   1.00875076 5   0.41056380 1 0
0.06  0    1.2     0.526787 0.000210   11   16   0.95848900 4   0.42894359 1 0
0.06  0    1.4     0.468990 0.000178   10   16   0.96740717 5   0.43609074 1 0

0.06  1    1       0.692682 0.000472   11   15   0.69893221 1   0.40314272 1 1
0.06  1    1.2     0.602417 0.000270   8    15   1.20167920 4   0.30771056 1 1 
0.06  1    1.4     0.534843 0.000239   9    15   1.33494827 3   0.26094145 1 1

0.06  2    1       0.769704 0.000598   8    16   1.15374232 5   0.32937876 1 1
0.06  2    1.2     0.668724 0.000437   8    16   1.49167088 5   0.18872173 1 1
0.06  2    1.4     0.592493 0.000380   9    16   1.67809422 4   0.15189117 1 1
