4               10798.7                 79.3
8               11501.8                 166.8
16              13793.2                 358.4
32              21024                   984
64              9516.8                  2128
128             4662.4                  4675.2
4               1410.4                  10.44
8               1528.8                  24.86
16              1401.2                  55.84
32              1532                    155.12
64              1472                    480.96
128             1830.4                  1716.8
