9.505814e-02 9.461364e-02 -1.306385e-03 -1.306401e-03
9.780649e-02 9.007413e-02 -1.832886e-03 -1.832881e-03
9.529243e-02 9.232461e-02 -4.213166e-04 -4.213254e-04
9.531891e-02 9.312395e-02 -3.046494e-03 -3.046488e-03
9.771034e-02 8.973698e-02 -3.956943e-03 -3.956934e-03
9.209227e-02 9.489583e-02 -4.512791e-04 -4.512981e-04
9.354842e-02 9.738355e-02 -3.007112e-03 -3.007120e-03
9.251120e-02 9.518807e-02 -4.459997e-03 -4.460012e-03
9.488713e-02 1.000675e-01 -1.046004e-03 -1.046023e-03
9.370453e-02 9.785999e-02 -2.594630e-03 -2.594631e-03
8.816638e-02 9.973760e-02 -2.248869e-03 -2.248865e-03
9.353963e-02 9.746107e-02 1.035738e-04 1.035622e-04
9.443390e-02 9.479872e-02 1.735917e-03 1.735930e-03
9.352544e-02 9.324712e-02 -3.271299e-03 -3.271292e-03
9.653251e-02 9.559802e-02 2.345000e-03 2.344995e-03
9.364775e-02 9.318731e-02 -1.335777e-03 -1.335779e-03
9.563158e-02 9.342337e-02 -3.629530e-03 -3.629553e-03
9.475261e-02 9.406945e-02 -1.055885e-03 -1.055914e-03
9.445833e-02 9.344006e-02 -9.567412e-04 -9.567316e-04
9.451965e-02 9.338318e-02 -2.092354e-03 -2.092345e-03
9.420683e-02 9.467819e-02 -3.642255e-03 -3.642274e-03
9.517919e-02 9.040169e-02 -1.098626e-04 -1.098435e-04
9.140109e-02 9.532468e-02 1.830731e-03 1.830747e-03
8.901942e-02 9.457008e-02 3.551452e-04 3.551368e-04
9.238743e-02 9.575678e-02 -4.521827e-04 -4.521946e-04
9.153239e-02 9.718852e-02 -5.155018e-03 -5.155013e-03
9.385935e-02 9.486424e-02 -1.282777e-04 -1.282788e-04
9.513845e-02 9.646116e-02 -2.225827e-03 -2.225828e-03
8.976837e-02 9.704710e-02 6.868569e-04 6.868257e-04
9.476323e-02 9.228472e-02 2.496318e-04 2.496422e-04
9.617867e-02 9.059894e-02 -4.339194e-04 -4.339092e-04
9.722377e-02 9.380543e-02 6.283273e-04 6.283479e-04
9.236348e-02 9.607258e-02 5.684738e-04 5.684770e-04
9.722660e-02 9.218331e-02 -3.329713e-03 -3.329713e-03
9.309916e-02 9.536605e-02 1.293390e-03 1.293376e-03
9.191513e-02 9.628617e-02 1.060579e-03 1.060557e-03
9.322543e-02 9.341957e-02 4.095589e-04 4.095758e-04
9.331656e-02 9.634352e-02 -7.760097e-04 -7.760110e-04
9.478355e-02 9.084334e-02 4.063880e-03 4.063870e-03
9.372238e-02 8.929233e-02 3.525478e-04 3.525562e-04
9.096812e-02 9.466038e-02 2.879974e-04 2.880148e-04
9.256571e-02 9.265631e-02 -2.203303e-04 -2.203476e-04
9.517857e-02 9.000763e-02 -2.626791e-03 -2.626794e-03
8.913133e-02 9.715346e-02 -7.088619e-04 -7.088717e-04
9.404759e-02 9.416630e-02 -9.043980e-04 -9.044061e-04
9.206233e-02 9.381627e-02 2.757273e-03 2.757281e-03
9.289036e-02 9.109196e-02 -8.363853e-04 -8.363732e-04
9.134298e-02 9.592879e-02 2.727368e-03 2.727353e-03
8.822843e-02 9.848258e-02 -4.000137e-04 -4.000179e-04
9.378987e-02 9.447989e-02 6.413947e-03 6.413955e-03
9.045140e-02 9.556281e-02 -1.833551e-03 -1.833576e-03
9.337102e-02 9.609716e-02 -4.071550e-03 -4.071548e-03
9.590125e-02 9.213381e-02 3.558286e-03 3.558287e-03
9.321384e-02 9.289326e-02 -3.781493e-03 -3.781491e-03
9.408411e-02 9.362355e-02 1.896046e-03 1.896065e-03
9.208140e-02 9.782324e-02 1.347030e-03 1.347022e-03
9.171391e-02 9.390105e-02 2.350571e-03 2.350568e-03
9.681503e-02 8.969907e-02 -1.835748e-03 -1.835761e-03
9.625560e-02 9.111518e-02 -5.108130e-04 -5.108052e-04
9.801196e-02 8.941501e-02 2.389385e-03 2.389381e-03
9.129994e-02 9.289825e-02 -1.354421e-03 -1.354407e-03
9.264766e-02 9.361868e-02 8.954948e-04 8.954889e-04
9.515820e-02 9.363586e-02 1.535878e-03 1.535863e-03
9.109240e-02 9.625995e-02 -4.342501e-04 -4.342551e-04
9.224898e-02 9.334840e-02 2.771681e-04 2.771870e-04
9.133761e-02 9.195744e-02 -7.560110e-04 -7.559978e-04
9.520416e-02 9.298299e-02 -1.545519e-03 -1.545523e-03
9.614686e-02 9.356754e-02 -3.183981e-03 -3.183979e-03
9.224663e-02 9.192493e-02 -3.670768e-04 -3.670843e-04
9.178455e-02 9.271718e-02 2.497104e-03 2.497104e-03
9.336079e-02 9.000275e-02 -3.131684e-03 -3.131693e-03
9.578567e-02 8.946554e-02 2.021276e-03 2.021263e-03
9.548990e-02 9.189231e-02 1.280462e-03 1.280453e-03
9.351105e-02 9.429454e-02 -9.717634e-04 -9.717654e-04
9.101500e-02 9.618270e-02 8.673190e-04 8.673254e-04
9.036722e-02 1.011373e-01 1.387610e-03 1.387625e-03
9.631331e-02 9.441256e-02 -5.743022e-04 -5.743011e-04
9.446398e-02 9.541885e-02 5.394493e-03 5.394508e-03
9.883309e-02 9.272544e-02 -3.494022e-04 -3.494003e-04
9.546132e-02 9.761927e-02 -8.880647e-04 -8.880622e-04
9.260964e-02 9.521914e-02 9.346702e-04 9.346694e-04
9.509064e-02 9.341542e-02 -6.137674e-04 -6.137528e-04
9.042053e-02 9.749797e-02 9.888900e-04 9.888873e-04
9.655442e-02 9.569375e-02 1.769606e-03 1.769623e-03
9.203740e-02 9.774772e-02 1.467177e-03 1.467173e-03
9.451120e-02 9.605342e-02 -2.197743e-03 -2.197737e-03
9.393509e-02 9.352566e-02 3.145708e-03 3.145717e-03
9.530962e-02 9.426973e-02 5.543592e-04 5.543479e-04
9.740750e-02 9.064066e-02 -1.927484e-03 -1.927502e-03
1.016498e-01 8.937056e-02 2.078421e-03 2.078418e-03
9.208784e-02 9.785061e-02 -4.052065e-04 -4.051827e-04
9.776448e-02 9.476209e-02 -1.781720e-03 -1.781752e-03
9.786750e-02 9.316891e-02 -3.235180e-03 -3.235202e-03
9.316991e-02 9.717471e-02 1.844794e-03 1.844818e-03
9.853238e-02 9.236996e-02 1.682481e-03 1.682487e-03
9.656249e-02 9.132127e-02 2.849010e-03 2.849007e-03
9.441464e-02 9.564851e-02 3.994975e-04 3.994960e-04
9.697021e-02 9.492007e-02 -5.248140e-05 -5.247582e-05
8.885729e-02 9.883727e-02 -3.231410e-04 -3.231524e-04
9.618155e-02 9.418486e-02 2.433339e-04 2.433278e-04
