1.221624e-02 1.152281e-02 2.957137e-03 2.957127e-03
1.188408e-02 1.281958e-02 -4.372814e-04 -4.374108e-04
1.207437e-02 1.337599e-02 6.750767e-04 6.750503e-04
1.389163e-02 1.205719e-02 6.155239e-04 6.156729e-04
1.211899e-02 1.491607e-02 3.276241e-05 3.269428e-05
1.614278e-02 1.172843e-02 -8.950515e-04 -8.950644e-04
1.059264e-02 1.910584e-02 -3.384876e-03 -3.384957e-03
1.531630e-02 1.569336e-02 2.053569e-03 2.053605e-03
1.784396e-02 1.464502e-02 -1.025793e-04 -1.027142e-04
1.793306e-02 1.617314e-02 9.284175e-04 9.280348e-04
1.823258e-02 1.655873e-02 1.830871e-03 1.830887e-03
1.810912e-02 1.681374e-02 -4.735946e-04 -4.731660e-04
1.845698e-02 2.322429e-02 -3.552414e-03 -3.552028e-03
1.959088e-02 1.861571e-02 2.540783e-03 2.540976e-03
1.975997e-02 2.143242e-02 2.090304e-03 2.090176e-03
2.293196e-02 1.843857e-02 2.747865e-03 2.747885e-03
2.167216e-02 2.281164e-02 -1.949653e-03 -1.949729e-03
2.201332e-02 2.239626e-02 2.182519e-03 2.182549e-03
1.768198e-02 2.817825e-02 4.790601e-03 4.790510e-03
2.594205e-02 2.653814e-02 -2.001198e-03 -2.001228e-03
2.271398e-02 2.814941e-02 8.409190e-03 8.409075e-03
3.122207e-02 2.499060e-02 -2.319037e-03 -2.318803e-03
2.751196e-02 3.307410e-02 1.546688e-03 1.546487e-03
2.266042e-02 3.401505e-02 -1.375491e-03 -1.375420e-03
2.971617e-02 2.972224e-02 3.968037e-03 3.968332e-03
2.935410e-02 2.842321e-02 -3.404725e-03 -3.404765e-03
2.983915e-02 3.137368e-02 -4.561223e-03 -4.561123e-03
3.239767e-02 3.157257e-02 3.127767e-03 3.127924e-03
3.216128e-02 2.975803e-02 2.373704e-03 2.373649e-03
2.969573e-02 3.192296e-02 1.930558e-03 1.930530e-03
3.166244e-02 3.100954e-02 2.275857e-03 2.275741e-03
3.476573e-02 3.492110e-02 7.749765e-04 7.748371e-04
3.386154e-02 3.501565e-02 -2.157616e-03 -2.157621e-03
2.983995e-02 3.596285e-02 4.043786e-03 4.043696e-03
3.542642e-02 3.525944e-02 3.017368e-03 3.017454e-03
3.701490e-02 3.046259e-02 1.353271e-03 1.353433e-03
3.824960e-02 3.248496e-02 -2.343882e-03 -2.343761e-03
3.859793e-02 3.647693e-02 3.563605e-04 3.565681e-04
4.034738e-02 3.253326e-02 2.105366e-03 2.105226e-03
3.358029e-02 4.255497e-02 1.119549e-03 1.119506e-03
3.357789e-02 4.370009e-02 7.984126e-04 7.982428e-04
3.171357e-02 3.658091e-02 -1.887871e-03 -1.888100e-03
4.262705e-02 3.301583e-02 1.226168e-04 1.226416e-04
4.733774e-02 2.927173e-02 8.520379e-04 8.521061e-04
4.199408e-02 4.049854e-02 -1.758187e-04 -1.758512e-04
3.960345e-02 4.354456e-02 3.642650e-03 3.642685e-03
3.529451e-02 3.560199e-02 1.601355e-03 1.601393e-03
3.533469e-02 4.292156e-02 3.681647e-03 3.681773e-03
4.192765e-02 3.971326e-02 2.333487e-03 2.333692e-03
4.613085e-02 3.417874e-02 -4.212077e-03 -4.211991e-03
4.924450e-02 4.381592e-02 2.641186e-03 2.641200e-03
5.631222e-02 3.290136e-02 -1.557743e-03 -1.558186e-03
3.903373e-02 4.185367e-02 4.538464e-03 4.538328e-03
3.520554e-02 4.272412e-02 -1.385754e-03 -1.385708e-03
4.189513e-02 4.448872e-02 -3.082046e-03 -3.081967e-03
3.964268e-02 4.453468e-02 4.107117e-04 4.103701e-04
4.400207e-02 4.148419e-02 2.306026e-03 2.305988e-03
4.248145e-02 4.509201e-02 -3.103642e-03 -3.103278e-03
4.362328e-02 3.985967e-02 -1.860514e-03 -1.860246e-03
4.517904e-02 3.360658e-02 -9.031278e-04 -9.033179e-04
4.481123e-02 2.899732e-02 2.368178e-04 2.366796e-04
4.003604e-02 4.350873e-02 4.715041e-04 4.716984e-04
4.499101e-02 4.095927e-02 2.104083e-04 2.104387e-04
3.549452e-02 4.385197e-02 -8.194892e-06 -8.425191e-06
4.019507e-02 4.191123e-02 -3.828357e-04 -3.828677e-04
3.074306e-02 4.199206e-02 -1.785870e-03 -1.785959e-03
3.573409e-02 4.366142e-02 2.219503e-03 2.219380e-03
4.138289e-02 3.754025e-02 -1.016409e-03 -1.016514e-03
4.605932e-02 3.803194e-02 -1.093099e-03 -1.093294e-03
3.974624e-02 4.177295e-02 2.560107e-03 2.559874e-03
4.263119e-02 4.042539e-02 -3.702778e-03 -3.702525e-03
4.295937e-02 4.145294e-02 1.234856e-03 1.234730e-03
3.830651e-02 3.794680e-02 3.643249e-03 3.643086e-03
3.790035e-02 4.097820e-02 3.601968e-03 3.602017e-03
3.618692e-02 4.520321e-02 -2.119589e-03 -2.119718e-03
3.761856e-02 4.089355e-02 -1.559621e-03 -1.559566e-03
4.027060e-02 3.120934e-02 -4.199374e-03 -4.199533e-03
4.095053e-02 3.762485e-02 2.955560e-03 2.955911e-03
4.287277e-02 3.901997e-02 -2.931808e-03 -2.931621e-03
3.365298e-02 4.384029e-02 1.314334e-03 1.314180e-03
4.906237e-02 3.245397e-02 -2.583212e-03 -2.583302e-03
4.017681e-02 4.701627e-02 6.862936e-05 6.864800e-05
4.179274e-02 3.745854e-02 -3.150963e-03 -3.150508e-03
4.022942e-02 4.288722e-02 8.852164e-04 8.851946e-04
3.863841e-02 4.315724e-02 -1.076374e-03 -1.076332e-03
4.066976e-02 3.540600e-02 5.074763e-03 5.074652e-03
3.950499e-02 4.239752e-02 2.190920e-03 2.190524e-03
4.257484e-02 3.713393e-02 5.263816e-03 5.263641e-03
3.724022e-02 4.620491e-02 8.696970e-04 8.695589e-04
3.536624e-02 4.089408e-02 -6.632470e-04 -6.629645e-04
3.420481e-02 3.891989e-02 1.587111e-03 1.587062e-03
3.638029e-02 3.969293e-02 5.725478e-04 5.726772e-04
3.445332e-02 4.667244e-02 -1.903385e-03 -1.903650e-03
3.639997e-02 4.088947e-02 5.803324e-04 5.806123e-04
3.811370e-02 3.786018e-02 -3.512059e-03 -3.512231e-03
3.978757e-02 3.748200e-02 -2.038711e-03 -2.038405e-03
3.852565e-02 4.044252e-02 2.879266e-03 2.879180e-03
3.234592e-02 4.687763e-02 -1.112205e-03 -1.112266e-03
3.793220e-02 4.625145e-02 -2.545314e-03 -2.545246e-03
4.016099e-02 3.991524e-02 5.816046e-03 5.815984e-03
5.045131e-02 3.454352e-02 1.034699e-03 1.034973e-03
3.713670e-02 4.302150e-02 9.506280e-04 9.507425e-04
4.780907e-02 4.517941e-02 -2.464562e-03 -2.464708e-03
3.839749e-02 3.936647e-02 3.835462e-03 3.835364e-03
4.544993e-02 4.727907e-02 -4.947185e-03 -4.947169e-03
3.811887e-02 4.410952e-02 1.609396e-03 1.609297e-03
4.243933e-02 3.958439e-02 2.235695e-03 2.235783e-03
4.294745e-02 4.107534e-02 2.319280e-03 2.319276e-03
3.731944e-02 4.175007e-02 -1.826815e-03 -1.826872e-03
4.346348e-02 4.095837e-02 -3.452641e-03 -3.452943e-03
4.706391e-02 3.684888e-02 -7.066544e-04 -7.067292e-04
4.405210e-02 3.750106e-02 2.011594e-03 2.011488e-03
3.929347e-02 4.036007e-02 -3.834357e-04 -3.833720e-04
4.808461e-02 3.431634e-02 2.923451e-04 2.921418e-04
3.994741e-02 4.787499e-02 -6.837650e-03 -6.837769e-03
3.952477e-02 3.980209e-02 -5.242904e-03 -5.243071e-03
4.340887e-02 4.664706e-02 1.093534e-03 1.093213e-03
3.899088e-02 4.002850e-02 -2.621152e-05 -2.622546e-05
4.620332e-02 3.513227e-02 7.581274e-04 7.584813e-04
4.193482e-02 3.967156e-02 -4.362915e-03 -4.362900e-03
4.378324e-02 3.531193e-02 3.333935e-03 3.333777e-03
3.477901e-02 3.988814e-02 3.691523e-04 3.689611e-04
4.305250e-02 4.545314e-02 -2.620473e-03 -2.620842e-03
4.665604e-02 3.374444e-02 -4.995368e-03 -4.995457e-03
3.729423e-02 4.135298e-02 -4.481902e-03 -4.482066e-03
3.901201e-02 3.950512e-02 -8.949940e-04 -8.950664e-04
3.451369e-02 4.093681e-02 -2.507729e-03 -2.507509e-03
4.151556e-02 4.152359e-02 -2.427431e-03 -2.427509e-03
4.519092e-02 3.527527e-02 2.390845e-03 2.390726e-03
4.198845e-02 3.700512e-02 3.145801e-03 3.145593e-03
3.844314e-02 4.292192e-02 1.583206e-03 1.583281e-03
4.270518e-02 3.663110e-02 5.374984e-04 5.373950e-04
3.850858e-02 4.481768e-02 1.604198e-03 1.604193e-03
3.795287e-02 4.024053e-02 -2.323944e-03 -2.324091e-03
3.449812e-02 4.571979e-02 -7.565816e-04 -7.566483e-04
4.353210e-02 3.672030e-02 1.796749e-03 1.796542e-03
4.270281e-02 3.943586e-02 3.262426e-03 3.262475e-03
3.448172e-02 3.662507e-02 2.332766e-04 2.331670e-04
3.476135e-02 4.109232e-02 -2.129267e-03 -2.129233e-03
3.749438e-02 4.248210e-02 3.402426e-03 3.402413e-03
3.755916e-02 4.009563e-02 -2.882328e-03 -2.882468e-03
3.990626e-02 3.324440e-02 -1.534076e-03 -1.534114e-03
3.533978e-02 4.387970e-02 1.003298e-03 1.003434e-03
3.812906e-02 3.920935e-02 -3.614277e-04 -3.612408e-04
4.288067e-02 3.221499e-02 1.642562e-03 1.642454e-03
3.643541e-02 3.975514e-02 -6.798249e-04 -6.799019e-04
4.407816e-02 3.779157e-02 -4.725913e-03 -4.725956e-03
4.196828e-02 3.974736e-02 -2.117445e-03 -2.117472e-03
4.270860e-02 4.476755e-02 1.966963e-03 1.966962e-03
4.205932e-02 3.494505e-02 -1.419378e-04 -1.420411e-04
4.764511e-02 3.539699e-02 -3.344962e-03 -3.345007e-03
3.839999e-02 3.569323e-02 -2.076274e-03 -2.076159e-03
3.295762e-02 3.780350e-02 -3.021769e-04 -3.019935e-04
4.014084e-02 4.219951e-02 -5.568582e-04 -5.566531e-04
3.311825e-02 3.768130e-02 -3.953707e-03 -3.953632e-03
4.355528e-02 4.078184e-02 1.266744e-03 1.266976e-03
4.296711e-02 4.245117e-02 -8.834716e-04 -8.835470e-04
4.051650e-02 3.724314e-02 -1.054950e-03 -1.054851e-03
3.642339e-02 4.545325e-02 1.081574e-03 1.081713e-03
3.847415e-02 4.286230e-02 -6.263654e-04 -6.261771e-04
4.026927e-02 3.726984e-02 8.778515e-04 8.776514e-04
4.155915e-02 3.711961e-02 -7.202564e-04 -7.208200e-04
3.656775e-02 4.431004e-02 -9.864331e-04 -9.862436e-04
4.957014e-02 3.623896e-02 3.159510e-03 3.159391e-03
4.167571e-02 3.199610e-02 3.515694e-03 3.515784e-03
4.141675e-02 4.006387e-02 -1.368347e-03 -1.368527e-03
4.314860e-02 4.470827e-02 4.563640e-03 4.563835e-03
4.178102e-02 4.174696e-02 -1.989593e-03 -1.989826e-03
4.062137e-02 4.141215e-02 -5.036413e-04 -5.037439e-04
4.379678e-02 3.478574e-02 -2.154566e-03 -2.154649e-03
4.398863e-02 3.825029e-02 3.917671e-03 3.917843e-03
3.750123e-02 4.050280e-02 2.321231e-03 2.321126e-03
3.359428e-02 4.222524e-02 -2.272729e-03 -2.272805e-03
3.382230e-02 4.267664e-02 -8.642966e-04 -8.641183e-04
4.010325e-02 4.011922e-02 -1.683661e-03 -1.683750e-03
4.372907e-02 3.711419e-02 -3.386770e-03 -3.386598e-03
3.369808e-02 4.616745e-02 1.686137e-03 1.685937e-03
3.966464e-02 4.039173e-02 2.303128e-03 2.303210e-03
4.007422e-02 4.854122e-02 -3.389198e-03 -3.389358e-03
3.772398e-02 3.948441e-02 1.479013e-03 1.478964e-03
3.841410e-02 4.433907e-02 2.579485e-03 2.579225e-03
4.322484e-02 3.427692e-02 -1.180931e-03 -1.180870e-03
4.054108e-02 3.264257e-02 -1.581137e-03 -1.581239e-03
3.984003e-02 3.838157e-02 4.444323e-03 4.444257e-03
4.303123e-02 4.281103e-02 -1.438337e-04 -1.438248e-04
4.265494e-02 4.418053e-02 5.474885e-03 5.474942e-03
4.071315e-02 3.801097e-02 -6.457412e-04 -6.460051e-04
4.254829e-02 3.998295e-02 2.517114e-03 2.517138e-03
4.351027e-02 3.529249e-02 1.322945e-03 1.322860e-03
4.073344e-02 3.805971e-02 -2.942816e-03 -2.943105e-03
4.099692e-02 3.594280e-02 7.123684e-04 7.121773e-04
4.359619e-02 4.269245e-02 -2.787883e-03 -2.788128e-03
3.716076e-02 4.270944e-02 -3.921885e-03 -3.921894e-03
3.805692e-02 3.873681e-02 1.414531e-03 1.414321e-03
4.640485e-02 3.730992e-02 -3.893081e-03 -3.892972e-03
3.451384e-02 4.220288e-02 2.087904e-04 2.087772e-04
3.745811e-02 4.203169e-02 1.169756e-03 1.169808e-03
4.072470e-02 4.238839e-02 8.994093e-04 8.994189e-04
3.984209e-02 4.363932e-02 2.046686e-03 2.046738e-03
4.394692e-02 3.972043e-02 -2.379249e-03 -2.378855e-03
