4.226978e-02 3.466836e-02 1.662971e-03 1.663140e-03
4.327125e-02 4.043946e-02 -3.263101e-03 -3.263248e-03
3.796947e-02 4.282570e-02 3.695532e-03 3.695540e-03
3.199720e-02 4.689083e-02 1.945747e-04 1.946830e-04
3.259605e-02 4.421189e-02 1.790693e-03 1.790723e-03
4.484563e-02 4.361752e-02 2.409630e-03 2.409581e-03
4.082523e-02 4.834710e-02 1.655841e-03 1.655636e-03
4.025503e-02 4.309661e-02 -1.143467e-03 -1.143426e-03
4.959305e-02 3.512348e-02 1.004936e-03 1.004749e-03
4.322636e-02 3.789509e-02 -8.447556e-04 -8.446093e-04
4.185468e-02 4.528228e-02 -1.193353e-03 -1.193231e-03
3.831304e-02 4.349856e-02 8.182263e-04 8.185398e-04
3.812771e-02 4.123953e-02 -2.361453e-03 -2.361547e-03
4.005691e-02 4.367639e-02 -1.867739e-03 -1.867566e-03
4.088784e-02 4.228149e-02 1.485360e-03 1.485345e-03
4.275864e-02 3.723129e-02 -3.877348e-03 -3.877289e-03
4.626155e-02 3.858222e-02 -5.115643e-03 -5.115668e-03
4.370100e-02 3.519679e-02 1.606128e-03 1.605946e-03
3.418490e-02 4.043978e-02 1.235296e-03 1.235296e-03
4.027356e-02 3.930480e-02 7.256349e-04 7.257667e-04
4.015459e-02 3.911404e-02 3.098910e-03 3.098759e-03
3.182079e-02 4.009991e-02 -2.451042e-03 -2.450990e-03
4.326871e-02 3.565076e-02 2.553025e-04 2.553619e-04
3.632848e-02 4.103738e-02 -4.139388e-04 -4.138700e-04
4.136739e-02 3.605809e-02 2.967874e-03 2.968040e-03
3.584953e-02 3.911787e-02 3.795793e-03 3.795636e-03
3.577057e-02 4.489655e-02 2.107065e-03 2.106995e-03
3.569709e-02 4.324190e-02 -4.140479e-05 -4.140700e-05
4.335063e-02 3.914836e-02 -2.023433e-03 -2.023425e-03
4.071900e-02 3.880453e-02 -9.658436e-04 -9.656876e-04
3.731199e-02 3.956706e-02 -9.388198e-04 -9.387105e-04
3.960631e-02 4.232987e-02 3.217104e-03 3.217036e-03
4.175453e-02 4.099780e-02 -3.591957e-03 -3.591937e-03
3.711986e-02 4.084899e-02 1.413404e-03 1.413556e-03
4.293664e-02 3.273590e-02 -3.254476e-03 -3.254460e-03
4.090998e-02 4.092539e-02 -1.421326e-03 -1.421341e-03
3.694312e-02 3.606741e-02 -4.020288e-04 -4.021045e-04
4.691904e-02 3.843873e-02 -1.959493e-03 -1.959624e-03
3.793999e-02 4.298444e-02 3.687980e-03 3.687964e-03
4.265573e-02 4.224389e-02 3.512024e-03 3.512065e-03
3.871268e-02 3.948694e-02 -1.580413e-03 -1.579993e-03
3.483692e-02 3.893416e-02 1.530217e-03 1.530292e-03
3.679079e-02 3.693626e-02 -1.667608e-03 -1.667660e-03
3.754134e-02 4.068404e-02 -2.855066e-03 -2.854964e-03
3.660477e-02 4.379412e-02 -1.068627e-03 -1.068750e-03
3.456187e-02 4.014643e-02 2.580711e-03 2.580839e-03
4.780415e-02 3.508906e-02 -3.221059e-03 -3.221142e-03
4.031536e-02 3.776028e-02 3.060113e-04 3.061081e-04
3.780581e-02 3.855281e-02 -2.043333e-03 -2.043093e-03
3.456362e-02 4.095681e-02 -6.787259e-04 -6.784323e-04
3.309861e-02 4.551265e-02 6.742647e-03 6.742539e-03
3.957393e-02 3.824807e-02 5.980451e-04 5.981220e-04
3.780215e-02 4.033660e-02 2.454057e-03 2.454052e-03
3.235090e-02 4.243169e-02 -1.208462e-03 -1.208571e-03
3.642193e-02 3.672265e-02 1.247643e-03 1.247443e-03
3.765507e-02 4.817214e-02 1.743806e-04 1.747152e-04
3.645260e-02 4.298285e-02 1.762370e-03 1.762273e-03
3.863490e-02 4.139177e-02 -3.378845e-03 -3.379020e-03
4.113750e-02 4.213340e-02 2.938605e-03 2.938591e-03
4.426726e-02 3.571361e-02 2.668932e-03 2.668868e-03
3.351696e-02 3.991313e-02 6.484222e-04 6.484140e-04
3.564295e-02 4.232430e-02 -8.110647e-03 -8.110747e-03
3.472066e-02 3.804428e-02 -1.185830e-03 -1.185728e-03
4.345141e-02 3.715775e-02 -2.988681e-03 -2.988765e-03
3.295777e-02 3.878757e-02 -2.923553e-03 -2.923534e-03
4.250455e-02 3.458858e-02 2.520171e-03 2.519935e-03
3.691084e-02 4.728319e-02 7.698731e-04 7.696607e-04
3.502445e-02 4.188658e-02 -9.144426e-04 -9.144504e-04
4.344402e-02 4.075760e-02 -6.130320e-03 -6.130298e-03
3.828294e-02 3.198987e-02 -6.076204e-03 -6.076209e-03
3.804832e-02 3.885784e-02 -6.847674e-04 -6.844911e-04
3.462059e-02 4.260856e-02 6.417119e-03 6.416854e-03
4.052579e-02 3.407259e-02 1.936208e-04 1.935676e-04
3.711902e-02 4.024903e-02 -1.081081e-03 -1.081078e-03
3.771004e-02 3.699248e-02 5.211520e-03 5.211610e-03
3.683330e-02 3.884728e-02 -1.986982e-03 -1.987075e-03
4.681421e-02 3.662820e-02 2.128846e-03 2.129190e-03
3.852092e-02 4.438681e-02 -6.685308e-04 -6.683093e-04
4.255464e-02 4.387571e-02 4.591504e-04 4.591183e-04
3.525510e-02 4.234621e-02 1.658576e-03 1.658741e-03
4.351512e-02 4.313830e-02 2.415946e-03 2.415983e-03
4.137769e-02 4.938206e-02 -6.959462e-03 -6.959542e-03
3.466277e-02 4.300252e-02 1.512641e-03 1.512660e-03
4.287265e-02 4.446993e-02 -1.406900e-03 -1.407050e-03
4.150416e-02 3.826568e-02 -2.385247e-03 -2.384899e-03
4.677011e-02 3.771322e-02 -3.451700e-04 -3.450736e-04
4.375368e-02 3.973550e-02 1.624969e-03 1.625238e-03
4.099040e-02 4.307428e-02 -4.507812e-03 -4.507988e-03
3.325382e-02 4.486133e-02 -3.975201e-03 -3.975227e-03
4.180995e-02 4.157793e-02 -3.300332e-03 -3.300143e-03
4.200525e-02 4.479910e-02 3.161279e-03 3.161120e-03
4.516401e-02 4.569084e-02 9.786807e-04 9.784013e-04
3.944121e-02 3.816840e-02 9.048315e-04 9.046801e-04
4.194605e-02 4.143863e-02 6.189298e-04 6.189602e-04
3.447986e-02 4.390455e-02 4.120155e-03 4.120100e-03
4.111601e-02 4.114734e-02 -1.286468e-03 -1.286506e-03
4.374024e-02 3.580628e-02 2.073135e-03 2.073254e-03
3.959401e-02 4.230821e-02 1.979219e-03 1.979188e-03
4.587426e-02 4.072293e-02 -1.755911e-03 -1.756123e-03
4.199727e-02 3.998665e-02 -6.756402e-03 -6.756548e-03
