0 2.4910353084048205 2.4894794191825551
1 2.2286338324798165 2.2279917165099872
2 2.0481663444214639 2.0485589900267898
3 1.9223045892568014 1.9217538708338342
4 1.8359979310338197 1.8342708623087167
5 1.7749478115271744 1.7747409927897397
6 1.7332629492499556 1.7323717776999759
7 1.7050432093451413 1.7052095260052600
8 1.6870025919687357 1.6877088978217205
9 1.6751511650293420 1.6758992038619425
10 1.6660029717399658 1.6671783460393843
11 1.6598554067755149 1.6610039998880255
12 1.6552091522406729 1.6544215755340386
13 1.6529555293366947 1.6541543766887890
14 1.6516935088416027 1.6533543171099161
15 1.6490202736567978 1.6515103847065851
16 1.6476317007821943 1.6476677453759876
17 1.6477723308300007 1.6444280477660922
18 1.6442274270541404 1.6447984682279391
19 1.6426674727490662 1.6459532967986146
20 1.6446301782407706 1.6445959933112704
21 1.6425594517726629 1.6432037924495233
22 1.6417763115508575 1.6420830323481470
23 1.6421008143481544 1.6424474033056864
24 1.6418382302028789 1.6433581336422192
25 1.6410741159407536 1.6418777431782392
26 1.6413590631956518 1.6416944630558798
27 1.6413716754548513 1.6417012586485802
28 1.6404636511380390 1.6411889946393787
29 1.6414074155065812 1.6409675425948607
30 1.6411131238750780 1.6398928552379204
31 1.6412678927491591 1.6384828728331879
32 1.6411465448656408 1.6393164449846356
33 1.6405012539004433 1.6386935612019242
34 1.6400030204525018 1.6402842582213240
35 1.6407679406839151 1.6395679321735903
36 1.6409074243409953 1.6412973777163691
37 1.6390751635982632 1.6400217584460048
38 1.6362369016942591 1.6385145654464968
39 1.6387420517194791 1.6398973027915031
40 1.6382418681597564 1.6393255386523704
41 1.6390236541198726 1.6399416595857925
42 1.6393395788632397 1.6389413063327976
43 1.6385441597321109 1.6387693119097422
44 1.6381117452804566 1.6396963312395789
45 1.6391936578770043 1.6394725371613366
46 1.6387390997710991 1.6389686773916861
47 1.6385334040932056 1.6376447476354012
48 1.6385213531002449 1.6404297256283213
49 1.6363117674427325 1.6379337333066193
50 1.6355917645546629 1.6371121707937466
51 1.6365065406002663 1.6365327634248967
52 1.6361233620388305 1.6379993654141540
53 1.6353462549243385 1.6373726172851708
54 1.6373602019490299 1.6373852569073186
55 1.6373457258633268 1.6379563399453818
56 1.6382095901102331 1.6385823408732596
57 1.6385582417332880 1.6395183971722089
58 1.6391687102537436 1.6394396038543995
59 1.6405685566148323 1.6404445013258231
60 1.6392827416638438 1.6398461799098873
61 1.6384436469743253 1.6395914630494444
62 1.6400183634942305 1.6407011055828213
63 1.6393701538548022 1.6405725510532427
64 1.6397325332187067 1.6396236069283068
65 1.6388043842026530 1.6397762182563185
66 1.6380577923356843 1.6396203015513275
67 1.6395630859644470 1.6373877495804543
68 1.6394353501688865 1.6362074424279625
69 1.6399703765351841 1.6379325871851298
70 1.6409537123559597 1.6386361607974642
71 1.6397795654553822 1.6387626447305170
72 1.6415203549095470 1.6384557843857348
73 1.6387426042340640 1.6371386683644069
74 1.6367856143847173 1.6373851571378175
75 1.6371776228758304 1.6381941957662978
76 1.6375652450336462 1.6374185089561049
77 1.6375070730517052 1.6362263900561764
78 1.6377975673972742 1.6393897394215979
79 1.6403831380817611 1.6379316679559557
80 1.6385784907825229 1.6351764374338080
81 1.6377531736054791 1.6357837839921794
82 1.6367274510013357 1.6374999703424817
83 1.6394861901298690 1.6377802905101706
84 1.6386157122991325 1.6387552091212119
85 1.6401304964948473 1.6395504259269937
86 1.6392720922409125 1.6374499326842737
87 1.6394654846313574 1.6379972112744154
88 1.6400169667471374 1.6389698269101050
89 1.6398191461651253 1.6407651492433797
90 1.6401013787613472 1.6395855045555425
91 1.6391632117053387 1.6387886668385345
92 1.6388844511232747 1.6374261674388884
93 1.6402121860953141 1.6392250857042769
94 1.6383430605446863 1.6378509853037297
95 1.6374161479745586 1.6382037833387268
96 1.6372827223777737 1.6388936056468679
97 1.6378438169634817 1.6401605778893533
98 1.6371126947672501 1.6367403989231670
99 1.6382509543614237 1.6362106200297006
100 1.6370585854483573 1.6365873542462834
101 1.6375976065440081 1.6359173087216450
102 1.6372248203387427 1.6369780229834465
103 1.6364312185052743 1.6379247095067695
104 1.6388109693526751 1.6376226127561220
105 1.6385273638021889 1.6394098444592931
106 1.6385553809996984 1.6380764640183252
107 1.6399640424748398 1.6387333983024719
108 1.6395923187470161 1.6390485274496924
109 1.6375429564600388 1.6369354657556083
110 1.6379290741751318 1.6393574100343169
111 1.6389384296516649 1.6371416682986144
112 1.6386732216975846 1.6394845710412598
113 1.6390226033664916 1.6382120503747810
114 1.6379653651807926 1.6378695568053658
115 1.6378041814911626 1.6392285661950348
116 1.6380648409304877 1.6400564090660918
117 1.6381286623715621 1.6394769377503355
118 1.6382151871078801 1.6385212761743169
119 1.6389673132939206 1.6379220387348568
120 1.6368583454891621 1.6359676296385224
121 1.6366086237688100 1.6371687619519519
122 1.6372153811345276 1.6372204458170454
123 1.6369910019420724 1.6358049546365860
124 1.6372284965423847 1.6380294253409140
125 1.6370287965883303 1.6363215967779325
126 1.6353635078699043 1.6368595112217819
127 1.6348904417167931 1.6357589955150582
128 1.6375797724851291 1.6363661923978114
129 1.6370470811640816 1.6357839194225392
130 1.6369620778812652 1.6371994188415393
131 1.6350452514524314 1.6376192510001815
132 1.6367703068329789 1.6370350874968764
133 1.6370112252417457 1.6387718489625038
134 1.6376494861707958 1.6378193904918268
135 1.6384537974026958 1.6388394037399021
136 1.6383574610007738 1.6388524537987219
137 1.6381225621272868 1.6385476888723078
138 1.6388547332609888 1.6388582965310270
139 1.6372789331640092 1.6390090217619611
140 1.6384798934100309 1.6385900652023639
141 1.6373427628171713 1.6380270443709961
142 1.6361895615987052 1.6381792322239568
143 1.6386143225930001 1.6381903324452718
144 1.6387213388700534 1.6377872120083172
145 1.6378904750973231 1.6381192886417624
146 1.6372484994262517 1.6359808357837309
147 1.6376826904025332 1.6374965422194798
148 1.6376019556161590 1.6352094106459225
149 1.6385104661110350 1.6374086006201771
150 1.6398599104237570 1.6382024755201676
151 1.6389913932627760 1.6375723805985862
152 1.6391706881125148 1.6397595620448753
153 1.6397837816820326 1.6415286534176563
154 1.6400440384495887 1.6400647534971278
155 1.6385954030161496 1.6389510192214640
156 1.6407393879420276 1.6395589105104325
157 1.6389158285511367 1.6374515771554805
158 1.6394786424607712 1.6393202361292547
159 1.6400728517559571 1.6396666360447867
160 1.6403024658454080 1.6400027642549073
161 1.6392299045761181 1.6407291331162874
162 1.6386046700078865 1.6398161360075452
163 1.6382393848259091 1.6381706103581795
164 1.6386871945190820 1.6374670754253973
165 1.6365027723866135 1.6371921366833428
166 1.6386781056709652 1.6383696074563225
167 1.6360409736640094 1.6387356724918576
168 1.6369114041730839 1.6353505918478988
169 1.6359224387049418 1.6372824830699830
170 1.6369771104151714 1.6381778379370473
171 1.6400303424411495 1.6400368430497785
172 1.6405896885243554 1.6399303959794356
173 1.6392992068346945 1.6385373912017824
174 1.6373520488693269 1.6378668309455813
175 1.6360824464589168 1.6374016086167107
176 1.6374747422236471 1.6370248512053820
177 1.6380119484086262 1.6382579878754122
178 1.6378252111712126 1.6372787505217044
179 1.6371658738586268 1.6351376201356842
180 1.6379206624308340 1.6367457301819046
181 1.6372605618892584 1.6371265793936303
182 1.6384315384659942 1.6377890785267788
183 1.6376356267272953 1.6378247881964672
184 1.6373139095148630 1.6361820784944825
185 1.6365238734877561 1.6379152152900762
186 1.6359746610102135 1.6383770295116793
187 1.6358244275073244 1.6388006484607260
188 1.6387135442845178 1.6383401999195764
189 1.6387205836881573 1.6389988951425594
190 1.6384812804620719 1.6407168631874118
191 1.6396363411032919 1.6401299140769747
192 1.6405709122561773 1.6391183091643320
193 1.6382084980679197 1.6365105702419029
194 1.6394459600900693 1.6389404749766416
195 1.6396464799997694 1.6382617093563525
196 1.6379990962585529 1.6374110793502741
197 1.6392704961600550 1.6367635830189780
198 1.6382208053491156 1.6387940831139307
199 1.6400958638784815 1.6406968605357524
