0 1.636065 1.635148
1 1.638217 1.636321
2 1.638139 1.635898
3 1.638025 1.636203
4 1.638025 1.636203
5 1.637392 1.637100
6 1.637392 1.637100
7 1.637392 1.637100
8 1.636128 1.636308
9 1.635382 1.636272
10 1.635382 1.636272
11 1.637862 1.635113
12 1.637862 1.635113
13 1.637862 1.635113
14 1.636256 1.637136
15 1.636227 1.636087
16 1.636906 1.636769
17 1.636892 1.635544
18 1.636892 1.635544
19 1.638098 1.638298
20 1.638414 1.638713
21 1.637466 1.637886
22 1.636422 1.637421
23 1.636422 1.637421
24 1.637729 1.636730
25 1.639040 1.638511
26 1.641202 1.637994
27 1.641202 1.637994
28 1.638290 1.638265
29 1.639329 1.638818
30 1.639329 1.638818
31 1.639329 1.638818
32 1.639329 1.638818
33 1.638485 1.638778
34 1.638485 1.638778
35 1.637956 1.638525
36 1.638613 1.640873
37 1.638613 1.640873
38 1.638443 1.641048
39 1.638443 1.641048
40 1.638161 1.637922
41 1.636843 1.639050
42 1.636843 1.639050
43 1.636843 1.639050
44 1.637590 1.638279
45 1.638854 1.639793
46 1.639817 1.639274
47 1.638385 1.637590
48 1.634415 1.635835
49 1.634415 1.635835
50 1.635634 1.634968
51 1.634932 1.637261
52 1.638059 1.639581
53 1.638059 1.639581
54 1.639211 1.640158
55 1.639211 1.640158
56 1.637614 1.636922
57 1.637614 1.636922
58 1.637614 1.636922
59 1.637614 1.636922
60 1.638200 1.637923
61 1.639461 1.637577
62 1.636431 1.637892
63 1.636431 1.637892
64 1.637888 1.638962
65 1.639391 1.640696
66 1.639391 1.640696
67 1.640374 1.640452
68 1.640099 1.641503
69 1.639908 1.641677
70 1.637283 1.639780
71 1.637854 1.640552
72 1.638160 1.639623
73 1.638203 1.640358
74 1.638203 1.640358
75 1.637488 1.640793
76 1.637410 1.638935
77 1.637364 1.639208
78 1.637859 1.638651
79 1.640467 1.639682
80 1.640467 1.639682
81 1.639411 1.638536
82 1.637509 1.639898
83 1.636410 1.639525
84 1.638328 1.638620
85 1.638111 1.638109
86 1.636418 1.636372
87 1.637869 1.635752
88 1.638804 1.636974
89 1.639110 1.637819
90 1.639110 1.637819
91 1.640245 1.639012
92 1.639044 1.638767
93 1.638992 1.639697
94 1.638992 1.639697
95 1.638099 1.638502
96 1.636622 1.638024
97 1.637670 1.636856
98 1.636369 1.637435
99 1.637182 1.636946
