ROTATIONS 12 13 23:

chi(0) -->	1 chi(0)	1 chi(0)	1 chi(0)
chi(1) -->	1 chi(2)	1 chi(3)	1 chi(1)
chi(2) -->	-1 chi(1)	1 chi(2)	1 chi(3)
chi(3) -->	1 chi(3)	-1 chi(1)	-1 chi(2)
chi(4) -->	-1 chi(5)	1 chi(6)	1 chi(4)
chi(5) -->	1 chi(4)	1 chi(5)	-1 chi(6)
chi(6) -->	1 chi(6)	-1 chi(4)	1 chi(5)
chi(7) -->	1 chi(7)	1 chi(7)	1 chi(7)


R12:

[[ 1.  0.  0.  0.  0.  0.  0.  0.]
 [ 0.  0. -1.  0.  0.  0.  0.  0.]
 [ 0.  1.  0.  0.  0.  0.  0.  0.]
 [ 0.  0.  0.  1.  0.  0.  0.  0.]
 [ 0.  0.  0.  0.  0.  1.  0.  0.]
 [ 0.  0.  0.  0. -1.  0.  0.  0.]
 [ 0.  0.  0.  0.  0.  0.  1.  0.]
 [ 0.  0.  0.  0.  0.  0.  0.  1.]]


R13:

[[ 1.  0.  0.  0.  0.  0.  0.  0.]
 [ 0.  0.  0. -1.  0.  0.  0.  0.]
 [ 0.  0.  1.  0.  0.  0.  0.  0.]
 [ 0.  1.  0.  0.  0.  0.  0.  0.]
 [ 0.  0.  0.  0.  0.  0. -1.  0.]
 [ 0.  0.  0.  0.  0.  1.  0.  0.]
 [ 0.  0.  0.  0.  1.  0.  0.  0.]
 [ 0.  0.  0.  0.  0.  0.  0.  1.]]


R23:

[[ 1.  0.  0.  0.  0.  0.  0.  0.]
 [ 0.  1.  0.  0.  0.  0.  0.  0.]
 [ 0.  0.  0. -1.  0.  0.  0.  0.]
 [ 0.  0.  1.  0.  0.  0.  0.  0.]
 [ 0.  0.  0.  0.  1.  0.  0.  0.]
 [ 0.  0.  0.  0.  0.  0.  1.  0.]
 [ 0.  0.  0.  0.  0. -1.  0.  0.]
 [ 0.  0.  0.  0.  0.  0.  0.  1.]]



SHIFTS IN 1 2 3:

chi(0) -->	1 chi(1)	1 chi(2)	1 chi(3)
chi(1) -->	1 chi(0)	1 chi(6)	1 chi(5)
chi(2) -->	-1 chi(6)	1 chi(0)	1 chi(4)
chi(3) -->	-1 chi(5)	-1 chi(4)	1 chi(0)
chi(4) -->	1 chi(7)	-1 chi(3)	1 chi(2)
chi(5) -->	-1 chi(3)	-1 chi(7)	1 chi(1)
chi(6) -->	-1 chi(2)	1 chi(1)	1 chi(7)
chi(7) -->	1 chi(4)	-1 chi(5)	1 chi(6)


S1:

[[ 0.  1.  0.  0.  0.  0.  0.  0.]
 [ 1.  0.  0.  0.  0.  0.  0.  0.]
 [ 0.  0.  0.  0.  0.  0. -1.  0.]
 [ 0.  0.  0.  0.  0. -1.  0.  0.]
 [ 0.  0.  0.  0.  0.  0.  0.  1.]
 [ 0.  0.  0. -1.  0.  0.  0.  0.]
 [ 0.  0. -1.  0.  0.  0.  0.  0.]
 [ 0.  0.  0.  0.  1.  0.  0.  0.]]


S2:

[[ 0.  0.  1.  0.  0.  0.  0.  0.]
 [ 0.  0.  0.  0.  0.  0.  1.  0.]
 [ 1.  0.  0.  0.  0.  0.  0.  0.]
 [ 0.  0.  0.  0. -1.  0.  0.  0.]
 [ 0.  0.  0. -1.  0.  0.  0.  0.]
 [ 0.  0.  0.  0.  0.  0.  0. -1.]
 [ 0.  1.  0.  0.  0.  0.  0.  0.]
 [ 0.  0.  0.  0.  0. -1.  0.  0.]]


S3:

[[0. 0. 0. 1. 0. 0. 0. 0.]
 [0. 0. 0. 0. 0. 1. 0. 0.]
 [0. 0. 0. 0. 1. 0. 0. 0.]
 [1. 0. 0. 0. 0. 0. 0. 0.]
 [0. 0. 1. 0. 0. 0. 0. 0.]
 [0. 1. 0. 0. 0. 0. 0. 0.]
 [0. 0. 0. 0. 0. 0. 0. 1.]
 [0. 0. 0. 0. 0. 0. 1. 0.]]

