    1  6.0000000000E+00  0.0000000000E+00  6.0000000000E+00  0.0000000000E+00  6.0000000000E+00  0.0000000000E+00
    2  5.1052933931E-01  1.4814816041E-11  5.1160669327E-01  1.0273737416E-10  5.0817590952E-01  0.0000000000E+00
    3  9.9067024887E-02  2.2822632673E-11  9.9756591022E-02 -2.2822632673E-11  9.8359562457E-02  0.0000000000E+00
    4  2.7523020282E-02  7.2191141953E-12  2.7892995626E-02  2.5579538487E-12  2.7398966253E-02  0.0000000000E+00
    5  9.4824330881E-03 -5.1159076975E-13  9.5995357260E-03  5.1159076975E-13  9.3533648178E-03  0.0000000000E+00
    6  3.4454183187E-03  8.8107299234E-13  3.4826565534E-03  2.8421709430E-14  3.3674677834E-03  0.0000000000E+00
    7  1.3394256821E-03 -5.8264504332E-13  1.3517244952E-03  1.2789769244E-13  1.2985101203E-03  0.0000000000E+00
    8  5.3483637748E-04 -5.3290705182E-14  5.4053362692E-04  2.4868995752E-14  5.1617610734E-04  0.0000000000E+00
    9  2.1537608700E-04  0.0000000000E+00  2.1774071502E-04 -1.4210854715E-14  2.0798722107E-04  0.0000000000E+00
   10  8.5319865320E-05 -5.2735593670E-15  8.6399893917E-05  1.6819878823E-14  8.2323698734E-05  0.0000000000E+00
   11  3.3827716834E-05  2.6645352591E-15  3.4248085285E-05 -3.1086244690E-15  3.2418378396E-05  0.0000000000E+00
   12  1.3540056898E-05  1.9428902931E-15  1.3699297597E-05 -6.1062266354E-16  1.2986227375E-05  0.0000000000E+00
   13  5.3611734074E-06 -9.4368957093E-16  5.3894937082E-06 -6.1062266354E-16  5.1399406402E-06  0.0000000000E+00
   14  2.0660511382E-06 -3.0531133177E-16  2.0642539766E-06  2.4286128664E-16  1.9768383481E-06  0.0000000000E+00
   15  8.0590513107E-07 -5.8980598183E-17  7.9985125012E-07 -1.0408340856E-17  7.7239542406E-07  0.0000000000E+00
   16  3.2287027807E-07  6.0715321659E-18  3.2124575000E-07  7.8062556419E-18  3.1109297538E-07  0.0000000000E+00
   17  1.2885992362E-07 -4.2283884727E-18  1.2860257925E-07 -9.6493993351E-18  1.2539413774E-07  0.0000000000E+00
   18  5.0431637533E-08  3.5778671692E-18  5.0564814558E-08  1.6263032587E-18  4.9767631793E-08  0.0000000000E+00
   19  2.0144184987E-08 -4.1199682554E-18  2.0284360858E-08  3.6862873865E-18  2.0099300002E-08  0.0000000000E+00
   20  8.1553901410E-09 -1.0299920639E-18  8.2192572748E-09  1.1113072268E-18  8.1464275326E-09  0.0000000000E+00
   21  3.2894318380E-09 -2.1684043450E-19  3.3244846875E-09  6.5052130349E-19  3.2725615551E-09  0.0000000000E+00
   22  1.3173130364E-09 -2.7105054312E-20  1.3336164395E-09 -2.9815559743E-19  1.3033707447E-09  0.0000000000E+00
   23  5.2491105906E-10  1.1858461262E-19  5.3061949279E-10 -5.0821976835E-20  5.1745546736E-10  0.0000000000E+00
   24  2.0969834202E-10 -1.8634724840E-20  2.1164386910E-10 -3.3034284943E-20  2.0628992958E-10  0.0000000000E+00
   25  8.4885563856E-11 -3.3881317890E-21  8.5509162251E-11  4.6586812099E-21  8.3426147934E-11  0.0000000000E+00
   26  3.4166742352E-11 -1.8528845721E-21  3.4544662270E-11  9.4761810974E-21  3.3718666748E-11  0.0000000000E+00
   27  1.3717231344E-11  1.0587911841E-21  1.3922311221E-11 -2.4881592826E-21  1.3585731498E-11  0.0000000000E+00
   28  5.5324872288E-12  3.7057691442E-22  5.6611239134E-12  5.8233515124E-22  5.5100650605E-12  0.0000000000E+00
   29  2.2489566633E-12 -1.3234889801E-22  2.3212525652E-12  3.3087224502E-23  2.2499181337E-12  0.0000000000E+00
   30  9.1538744900E-13 -2.8703167256E-22  9.4951650709E-13  7.1964713292E-23  9.1586222113E-13  0.0000000000E+00
   31  3.6870563568E-13  8.9335506156E-23  3.8435061882E-13 -5.0458017366E-23  3.6996537019E-13  0.0000000000E+00
   32  1.4797062501E-13 -1.8611563782E-23  1.5573080206E-13  1.3648480107E-23  1.4943313243E-13  0.0000000000E+00
   33  6.0639122575E-14  1.4992648603E-24  6.4549555208E-14 -3.1536260854E-24  6.1651062673E-14  0.0000000000E+00
   34  2.5064331714E-14  3.2053248736E-24  2.6789786955E-14 -7.2378303598E-25  2.5573456113E-14  0.0000000000E+00
   35  1.0489306194E-14  2.7917345674E-24  1.1243394216E-14  9.3057818912E-25  1.0749242818E-14  0.0000000000E+00
   36  4.3933650798E-15 -1.5509636485E-25  4.7388355142E-15 -2.5849394142E-25  4.5186404057E-15  0.0000000000E+00
