    1  6.0000000000E+00  0.0000000000E+00
    2  5.2326250076E-01  0.0000000000E+00
    3  1.0577937961E-01  0.0000000000E+00
    4  3.0623104423E-02  0.0000000000E+00
    5  1.0853208601E-02  0.0000000000E+00
    6  4.0320088156E-03  0.0000000000E+00
    7  1.5828482574E-03  0.0000000000E+00
    8  6.3709524693E-04  0.0000000000E+00
    9  2.6007948327E-04  0.0000000000E+00
   10  1.0433338321E-04  0.0000000000E+00
   11  4.1895571485E-05  0.0000000000E+00
   12  1.6948159100E-05  0.0000000000E+00
   13  6.7347568802E-06  0.0000000000E+00
   14  2.6074355901E-06  0.0000000000E+00
   15  1.0233042076E-06  0.0000000000E+00
   16  4.1365066750E-07  0.0000000000E+00
   17  1.6777067913E-07  0.0000000000E+00
   18  6.7038200768E-08  0.0000000000E+00
   19  2.7222395005E-08  0.0000000000E+00
   20  1.1094603458E-08  0.0000000000E+00
   21  4.5196490994E-09  0.0000000000E+00
   22  1.8325845286E-09  0.0000000000E+00
   23  7.4069278488E-10  0.0000000000E+00
   24  3.0116673044E-10  0.0000000000E+00
   25  1.2411349726E-10  0.0000000000E+00
   26  5.0947482344E-11  0.0000000000E+00
   27  2.0812213064E-11  0.0000000000E+00
   28  8.5257460813E-12  0.0000000000E+00
   29  3.5113700142E-12  0.0000000000E+00
   30  1.4435546942E-12  0.0000000000E+00
   31  5.8883800613E-13  0.0000000000E+00
   32  2.3940994586E-13  0.0000000000E+00
   33  9.9276205204E-14  0.0000000000E+00
   34  4.1421029204E-14  0.0000000000E+00
   35  1.7412795110E-14  0.0000000000E+00
   36  7.3572638053E-15  0.0000000000E+00
