GFLOW: 0 0.585688803212458 1.099562202824879 2.542720126217424 1.466668604258256 2.152398514754367 0.8164455842664536 1.162636877141791
GFLOW: 0.015625 0.3819341119060613 1.030976453092621 2.825125574592385 1.879987276043728 2.573724581222193 1.204320695169761 -0.05146980446115821
GFLOW: 0.03125 0.2653945356193335 0.9574745209272398 2.902439361417336 2.122055009387631 2.732304991962135 1.474312406600662 -1.104152179718386
GFLOW: 0.046875 0.1976346991664924 0.8850488155107709 2.934340634285313 2.292591340442092 2.80991640989917 1.687423706851222 -1.735454766665389
GFLOW: 0.0625 0.1543637354509776 0.8149093150394767 2.951750310489581 2.421346746846003 2.855910290281495 1.863695226031025 -2.149852347890497
GFLOW: 0.078125 0.1246282464970534 0.7484043662933197 2.962741967368554 2.521259713292779 2.886282108585036 2.011497615790422 -2.454523326824957
GFLOW: 0.09375 0.1031067490048289 0.6864924659187518 2.970270761632249 2.599954234446606 2.907693515536504 2.136005112142159 -2.694878973687834
GFLOW: 0.109375 0.08693250265094753 0.6296502505585244 2.975702822496663 2.662602291023525 2.923466604087961 2.241159547213224 -2.892703504027331
GFLOW: 0.125 0.07442468365446915 0.5779742946649913 2.979768184979116 2.71293004505862 2.93546436115459 2.330186638552969 -3.060638828266374
GFLOW: 0.140625 0.06453174042245866 0.5313065689810181 2.982895562342286 2.753698920667359 2.944818251515297 2.405773413280773 -3.207041348216432
GFLOW: 0.15625 0.0565620671128978 0.489337945158143 2.98535398898769 2.786987536403803 2.952256345746733 2.47016013070767 -3.337728815002303
GFLOW: 0.171875 0.05004251212229393 0.4516828803516527 2.987320880699798 2.814376885666535 2.958268256143095 2.525208375573547 -3.456778223763326
GFLOW: 0.1875 0.04463892786633983 0.4179291969046877 2.988917849063557 2.837079387723577 2.963194921189848 2.57245978883916 -3.567009535074581
GFLOW: 0.203125 0.04010908360640108 0.3876690786368016 2.990230884289069 2.856031619926423 2.967280571683285 2.613188080394639 -3.670329893652281
GFLOW: 0.21875 0.03627349333283396 0.3605169065623139 2.991322359782187 2.871962083174664 2.970704317849398 2.648444484127288 -3.767991262108427
GFLOW: 0.234375 0.03299666206983137 0.3361183451471919 2.992238492701153 2.885441242003822 2.973600137039137 2.679096699693701 -3.860785049765081
GFLOW: 0.25 0.03017464723999666 0.3141538744228279 2.993014152961857 2.896918756924932 2.976069954925981 2.705861679031893 -3.949188691702525
GFLOW: 0.265625 0.02772658513186493 0.2943389671746189 2.993676060374471 2.906751364425615 2.978192455628247 2.7293328677382 -4.033474772711905
GFLOW: 0.28125 0.02558878357126592 0.276422367731849 2.99424496722947 2.91522387787456 2.980029163552748 2.750002627480567 -4.113790623230583
GFLOW: 0.296875 0.02371051972816382 0.2601834051934679 2.994737182838316 2.922565098547625 2.981628732874263 2.768280576131058 -4.190214810019843
GFLOW: 0.3125 0.02205099735329337 0.2454289183089965 2.995165659941925 2.928959940254064 2.98303003025387 2.784508530590442 -4.262796013369576
GFLOW: 0.328125 0.0205771086121146 0.2319901345540627 2.995540782617436 2.934558722339756 2.984264387303826 2.798972656530899 -4.331578936948704
GFLOW: 0.34375 0.01926176448697034 0.2197196948975633 2.99587094663256 2.939484333819626 2.985357270770155 2.811913340399457 -4.396620953720006
GFLOW: 0.359375 0.01808263352469963 0.2084889210021875 2.996162992850218 2.943837788337095 2.986329537295398 2.823533213552699 -4.458002209282466
GFLOW: 0.375 0.01702117816486366 0.198185363904754 2.996422534896374 2.947702556124065 2.987198387230598 2.834003681813023 -4.515831017392171
GFLOW: 0.390625 0.01606191080344603 0.1887106394377125 2.996654209636007 2.951147961338732 2.987978097400061 2.843470247948451 -4.570245691788835
GFLOW: 0.40625 0.01519181405944119 0.1799785369805646 2.996861870558182 2.954231861226936 2.988680589478397 2.852056859548375 -4.621413500483922
GFLOW: 0.421875 0.01439988508677295 0.1719133787959597 2.997048738438338 2.957002770408847 2.989315874734107 2.859869469531371 -4.669527192402343
GFLOW: 0.4375 0.01367677452995667 0.1644486034829293 2.997217519688578 2.959501554144367 2.989892404835957 2.866998959760295 -4.714799495113337
GFLOW: 0.453125 0.01301449835180266 0.1575255466012569 2.997370500032705 2.961762785003627 2.990417350617296 2.873523548587212 -4.757456064010436
GFLOW: 0.46875 0.01240620624350933 0.1510923928107192 2.997509619170974 2.96381583530509 2.990896825116065 2.87951077934242 -4.797727510710698
GFLOW: 0.484375 0.01184599431298182 0.1451032760328667 2.997636530679684 2.965685761055033 2.991336063170882 2.885019167717566 -4.83584127377101
GFLOW: 0.5 0.01132875267611459 0.1395175066601135 2.997752650356555 2.96739402052606 2.991739566898746 2.890099570749042 -4.872014143891185
GFLOW: 0.515625 0.01085004074944343 0.1342989074149614 2.99785919546119 2.968959061026237 2.992111224194061 2.89479632792775 -4.906446171114421
GFLOW: 0.53125 0.0104059846701442 0.1294152419398 2.997957216733845 2.970396800083856 2.992454405757879 2.899148215232637 -4.939316461804552
GFLOW: 0.546875 0.009993192497921268 0.1248377224829 2.998047624651123 2.971721021651957 2.992772044938247 2.903189245114777 -4.970781065747536
GFLOW: 0.5625 0.009608683787688588 0.1205405850859261 2.99813121105641 2.972943703606854 2.993066703731547 2.906949339248364 -5.000972835874781
GFLOW: 0.578125 0.009249830837696529 0.1165007224482434 2.998208667058325 2.974075289464722 2.993340627583141 2.910454895893808 -5.030002890745418
GFLOW: 0.59375 0.008914309469979049 0.1126973661453426 2.998280597903241 2.975124914632894 2.993595791078445 2.913729269727777 -5.057963170022753
GFLOW: 0.609375 0.008600057629122127 0.1091118111365176 2.998347535382877 2.976100595470661 2.99383393619128 2.916793178779537 -5.084929552627104
GFLOW: 0.625 0.008305240421201341 0.1057271765469928 2.998409948225508 2.977009387823896 2.994056604425369 2.919665050510558 -5.110965079851868
GFLOW: 0.640625 0.008028220479373113 0.1025281975911297 2.998468250830885 2.977857520420061 2.994265163925001 2.922361316958994 -5.136122949556771
GFLOW: 0.65625 0.007767532752431819 0.09950104425014929 2.998522810639577 2.978650507490801 2.994460832425172 2.924896667144994 -5.160449082184654
GFLOW: 0.671875 0.007521862979935501 0.09663316295579633 2.998573954372019 2.979393244173307 2.994644696748193 2.9272842635212 -5.183984176421338
GFLOW: 0.6875 0.007290029251517079 0.09391313807876292 2.998621973328837 2.980090087586333 2.994817729423228 2.929535928096145 -5.206765258128224
GFLOW: 0.703125 0.007070966155801878 0.09133057049035449 2.99866712790865 2.980744925949631 2.994980802900461 2.93166230290864 -5.228826778908279
GFLOW: 0.71875 0.006863711111394895 0.08887597086770925 2.998709651471334 2.981361237690279 2.995134701747251 2.933672988751189 -5.25020134558382
GFLOW: 0.734375 0.006667392542923039 0.0865406657553153 2.998749753651978 2.981942142136162 2.995280133145494 2.935576665398382 -5.270920166948929
GFLOW: 0.75 0.006481219622447064 0.08431671468628427 2.998787623212232 2.982490443118286 2.995417735954151 2.937381196066994 -5.291013297191125
GFLOW: 0.765625 0.006304473343317111 0.08219683691305202 2.998823430500922 2.983008666577635 2.995548088555902 2.939093718397325 -5.310509742524078
GFLOW: 0.78125 0.006136498731815082 0.08017434650538602 2.998857329583414 2.983499093087798 2.995671715670305 2.940720723883544 -5.329437483049186
GFLOW: 0.796875 0.005976698033353038 0.07824309474970138 2.99888946008951 2.983963786053716 2.995789094285704 2.942268127380304 -5.347823448157002
GFLOW: 0.8125 0.005824524735893862 0.07639741893280763 2.998919948821314 2.984404616223057 2.995900658837519 2.94374132806303 -5.365693472103603
GFLOW: 0.828125 0.005679478314675014 0.0746320967196757 2.998948911155839 2.984823283044598 2.996006805740231 2.945145263010666 -5.383072247127032
GFLOW: 0.84375 0.005541099600083812 0.0729423054423321 2.998976452271685 2.985221333323654 2.996107897363495 2.946484454405178 -5.399983284513644
GFLOW: 0.859375 0.005408966685325325 0.07132358570857907 2.999002668224412 2.985600177554459 2.99620426552891 2.947763051195692 -5.416448889057981
GFLOW: 0.875 0.00528269130287929 0.06977180881749043 2.999027646891514 2.985961104251318 2.996296214592395 2.948984865952034 -5.432490148988659
GFLOW: 0.890625 0.005161915609095359 0.0682831475356029 2.999051468804716 2.986305292551517 2.996384024167374 2.950153407528518 -5.448126941272632
GFLOW: 0.90625 0.005046309324977905 0.0668540498452202 2.999074207884618 2.986633823322478 2.996467951535831 2.951271910071155 -5.463377950931911
GFLOW: 0.921875 0.004935567188547349 0.06548121532567158 2.999095932090615 2.98694768897128 2.996548233787574 2.952343358827025 -5.478260702341572
GFLOW: 0.9375 0.004829406680367275 0.06416157387098394 2.999116703996987 2.987247802126129 2.996625089722221 2.953370513151359 -5.492791600223317
GFLOW: 0.953125 0.004727565989084972 0.06289226648421437 2.999136581304678 2.98753500333496 2.996698721543595 2.954355927054193 -5.50698597805464
GFLOW: 0.96875 0.004629802188302756 0.06167062792052686 2.999155617296756 2.9878100679059 2.996769316372088 2.955301967582562 -5.52085815177229
GFLOW: 0.984375 0.004535889599907836 0.06049417097869534 2.999173861244605 2.988073711997007 2.996837047597125 2.956210831294962 -5.534421476889728
GFLOW: 1 0.004445618322243456 0.05936057226467776 2.999191358770829 2.98832659804785 2.996902076088842 2.957084559051359 -5.547688407420408
GFLOW: 1.015625 0.004358792904292416 0.05826765927174887 2.99920815217408 2.988569339632952 2.996964551285471 2.957925049313058 -5.560670555274439
GFLOW: 1.03125 0.004275231149438226 0.05721339863985084 2.999224280720314 2.988802505806485 2.997024612171035 2.958734070122089 -5.573378749055751
GFLOW: 1.046875 0.004194763034428772 0.05619588547266666 2.999239780904421 2.989026624998298 2.997082388155718 2.959513269908367 -5.58582309142136
GFLOW: 1.0625 0.004117229730944693 0.05521333360478585 2.999254686685612 2.989242188513657 2.997137999869997 2.960264187254471 -5.598013014369581
GFLOW: 1.078125 0.004042482718709397 0.05426406672346792 2.999269029699544 2.989449653682191 2.997191559882104 2.960988259731971 -5.609957331998896
GFLOW: 1.09375 0.003970382980408359 0.05334651026014735 2.999282839449826 2.989649446695898 2.99724317334718 2.961686831909336 -5.621664290426105
GFLOW: 1.109375 0.003900800269839317 0.05245918397617542 2.999296143481132 2.989841965170946 2.997292938595562 2.962361162619688 -5.633141614672099
GFLOW: 1.125 0.003833612445718757 0.0516006951755164 2.999308967535946 2.990027580463744 2.997340947666642 2.963012431565907 -5.6443965524208
GFLOW: 1.140625 0.003768704864444955 0.0507697324843551 2.999321335696704 2.990206639768031 2.997387286794048 2.963641745331992 -5.65543591463366
GFLOW: 1.15625 0.00370596982588108 0.04996506014396792 2.999333270514848 2.990379468016496 2.997432036847198 2.964250142861123 -5.666266113061703
GFLOW: 1.171875 0.003645306066889903 0.04918551276885254 2.999344793128212 2.990546369607651 2.997475273733656 2.964838600454454 -5.676893194742154
GFLOW: 1.1875 0.003586618297936523 0.04842999052710833 2.999355923367887 2.990707629976151 2.997517068766309 2.965408036338243 -5.687322873599514
GFLOW: 1.203125 0.003529816778589227 0.04769745470448183 2.999366679855671 2.990863517022801 2.997557488998797 2.965959314841898 -5.697560559295362
GFLOW: 1.21875 0.003474816928199822 0.04698692361742147 2.99937708009303 2.991014282418477 2.997596597532401 2.966493250224586 -5.707611383484948
GFLOW: 1.234375 0.003421538968442721 0.04629746884397257 2.999387140542428 2.991160162794607 2.99763445379708 2.967010610184221 -5.71748022364882
GFLOW: 1.25 0.00336990759474244 0.04562821174444323 2.999396876701772 2.991301380831514 2.99767111380919 2.967512119078851 -5.72717172467082
GFLOW: 1.265625 0.003319851673929423 0.04497832024654003 2.999406303172588 2.99143814625458 2.997706630408079 2.967998460887318 -5.736690318334009
GFLOW: 1.28125 0.003271303965737907 0.04434700587213321 2.999415433722636 2.991570656747143 2.997741053473501 2.968470281933342 -5.746040240902845
GFLOW: 1.296875 0.003224200866003012 0.04373352098501281 2.999424281343341 2.991699098788092 2.997774430125704 2.968928193394545 -5.755225548954035
GFLOW: 1.3125 0.003178482169629544 0.04313715624096578 2.999432858302663 2.991823648421213 2.997806804909639 2.969372773615838 -5.764250133612446
GFLOW: 1.328125 0.003134090851597036 0.04255723822326309 2.999441176193715 2.99194447196269 2.997838219964859 2.969804570244626 -5.773117733338805
GFLOW: 1.34375 0.003090972864435972 0.04199312724822697 2.999449245979598 2.992061726652385 2.997868715182301 2.970224102203426 -5.781831945408275
GFLOW: 1.359375 0.003049076950762478 0.04144421532696121 2.999457078034721 2.992175561254083 2.997898328349117 2.970631861514149 -5.790396236208508
GFLOW: 1.375 0.003008354469594428 0.04090992427060305 2.999464682182984 2.992286116609144 2.997927095282604 2.971028314986719 -5.798813950477192
GFLOW: 1.390625 0.002968759235293268 0.04038970392759651 2.999472067733042 2.992393526147867 2.997955049954177 2.971413905783588 -5.807088319588764
GFLOW: 1.40625 0.002930247368084552 0.03988303054251854 2.999479243510937 2.992497916362117 2.997982224604212 2.971789054870605 -5.815222468991332
GFLOW: 1.421875 0.002892777155207545 0.03938940522691635 2.999486217890322 2.992599407242635 2.998008649848529 2.972154162363619 -5.823219424885793
GFLOW: 1.4375 0.002856308921831292 0.03890835253345319 2.999492998820449 2.992698112684063 2.998034354777236 2.972509608779432 -5.831082120230192
GFLOW: 1.453125 0.00282080491095353 0.0384394191254154 2.999499593852152 2.992794140860373 2.998059367046517 2.972855756198863 -5.838813400145052
GFLOW: 1.46875 0.002786229171568708 0.03798217253431722 2.999506010161968 2.992887594573201 2.998083712963975 2.973192949348968 -5.846416026787258
GFLOW: 1.484375 0.002752547454455588 0.03753619999895998 2.999512254574532 2.992978571575314 2.998107417568042 2.973521516610883 -5.853892683753349
GFLOW: 1.5 0.002719727114991539 0.03710110737986132 2.999518333583421 2.993067164871258 2.9981305047019 2.973841770959073 -5.861245980066537
GFLOW: 1.515625 0.002687737022452895 0.03667651814348076 2.999524253370565 2.993153462997001 2.99815299708238 2.974154010837404 -5.868478453796137
GFLOW: 1.53125 0.002656547475306934 0.03626207241112721 2.999530019824277 2.993237550280281 2.998174916364216 2.974458520976846 -5.875592575351881
GFLOW: 1.546875 0.002626130122043678 0.03585742606785571 2.999535638556136 2.993319507083176 2.998196283199998 2.974755573159287 -5.882590750491609
GFLOW: 1.5625 0.002596457887133744 0.03546224992703991 2.999541114916656 2.993399410028256 2.998217117296186 2.975045426931477 -5.889475323076077
GFLOW: 1.578125 0.002567504901733146 0.03507622894665582 2.999546454009985 2.99347733220965 2.998237437465442 2.975328330272904 -5.896248577599975
GFLOW: 1.59375 0.002539246438787435 0.03469906149362704 2.999551660707597 2.993553343390123 2.998257261675588 2.975604520220942 -5.902912741525574
GFLOW: 1.609375 0.002511658852216215 0.03433045865287226 2.999556739661091 2.99362751018525 2.998276607095411 2.975874223456387 -5.909469987442035
GFLOW: 1.625 0.002484719519884807 0.03397014357795596 2.999561695314186 2.993699896235657 2.998295490137596 2.976137656852338 -5.915922435069684
GFLOW: 1.640625 0.002458406790093674 0.03361785088048688 2.999566531913952 2.993770562368218 2.998313926498906 2.976395027988942 -5.9222721531275
GFLOW: 1.65625 0.002432699931337647 0.03327332605562601 2.9995712535213 2.993839566746991 2.998331931197924 2.976646535636513 -5.928521161078505
GFLOW: 1.671875 0.002407579085106601 0.03293632494127011 2.999575864020844 2.993906965014673 2.998349518610416 2.976892370209223 -5.934671430766678
GFLOW: 1.6875 0.002383025221517113 0.03260661320865589 2.99958036713016 2.993972810425257 2.998366702502572 2.977132714191387 -5.940724887956601
GFLOW: 1.703125 0.002359020097581073 0.03228396588230509 2.999584766408438 2.994037153968475 2.9983834960622 2.977367742538293 -5.946683413786341
GFLOW: 1.71875 0.002335546217932023 0.03196816688738006 2.999589065264651 2.994100044486669 2.998399911928106 2.977597623053258 -5.95254884614188
GFLOW: 1.734375 0.002312586797843787 0.03165900862266445 2.999593266965198 2.994161528784577 2.998415962217652 2.97782251674259 -5.958322980960989
GFLOW: 1.75 0.002290125728388352 0.03135629155751357 2.999597374641114 2.994221651732528 2.998431658552782 2.978042578149852 -5.964007573473046
GFLOW: 1.765625 0.002268147543591553 0.03105982385123799 2.999601391294842 2.994280456363517 2.998447012084446 2.978257955670898 -5.969604339380537
GFLOW: 1.78125 0.002246637389455517 0.03076942099349561 2.999605319806619 2.994337983964588 2.99846203351568 2.978468791850875 -5.97511495598725
GFLOW: 1.796875 0.002225580994726523 0.03048490546436831 2.999609162940474 2.994394274162843 2.99847673312331 2.978675223664448 -5.980541063277754
GFLOW: 1.8125 0.002204964643295796 0.03020610641289218 2.999612923349888 2.994449365006517 2.998491120778477 2.978877382780222 -5.985884264951536
GFLOW: 1.828125 0.002184775148128892 0.02993285935289858 2.999616603583159 2.994503293041401 2.998505205965953 2.97907539581051 -5.991146129415629
GFLOW: 1.84375 0.002164999826626807 0.02966500587510004 2.9996202060884 2.994556093382919 2.998518997802428 2.979269384547276 -5.996328190738421
GFLOW: 1.859375 0.002145626477328866 0.02940239337443133 2.999623733218334 2.994607799784151 2.998532505053758 2.979459466185186 -6.001431949567345
GFLOW: 1.875 0.002126643357873785 0.02914487479172162 2.999627187234755 2.994658444700077 2.998545736151254 2.979645753532536 -6.006458874012623
GFLOW: 1.890625 0.002108039164141154 0.02889230836883722 2.999630570312791 2.994708059348248 2.998558699207132 2.979828355210852 -6.011410400499366
GFLOW: 1.90625 0.002089803010501032 0.02864455741649269 2.999633884544907 2.994756673766126 2.998571402029086 2.980007375843806 -6.016287934589581
GFLOW: 1.921875 0.002071924411104196 0.02840149009398149 2.999637131944702 2.99480431686534 2.998583852134096 2.980182916236173 -6.021092851775988
GFLOW: 1.9375 0.002054393262150416 0.02816297920012604 2.999640314450499 2.994851016482983 2.998596056761512 2.980355073543339 -6.025826498248954
GFLOW: 1.953125 0.00203719982507616 0.02792890197479522 2.999643433928748 2.994896799430179 2.99860802288544 2.980523941432017 -6.030490191638003
GFLOW: 1.96875 0.002020334710607214 0.02769913991037785 2.99964649217725 2.99494169153807 2.998619757226481 2.980689610232652 -6.035085221729079
GFLOW: 1.984375 0.002003788863625262 0.02747357857264177 2.99964949092819 2.994985717701393 2.998631266262869 2.980852167084001 -6.03961285115868
GFLOW: 2 0.001987553548800916 0.0272521074304436 2.99965243185105 2.995028901919772 2.998642556241025 2.981011696070366 -6.044074316086077
GFLOW: 2.015625 0.00197162033694876 0.02703461969379035 2.999655316555342 2.99507126733688 2.998653633185601 2.981168278351907 -6.048470826844243
GFLOW: 2.03125 0.001955981092062847 0.02682101215978317 2.999658146593216 2.995112836277592 2.998664502908969 2.9813219922884 -6.052803568570795
GFLOW: 2.046875 0.001940627958993879 0.02661118506600535 2.999660923461933 2.995153630283236 2.998675171020277 2.981472913556896 -6.057073701819426
GFLOW: 2.0625 0.001925553351731672 0.02640504195094276 2.999663648606198 2.995193670145063 2.998685642934051 2.981621115263518 -6.061282363152926
GFLOW: 2.078125 0.001910749942258906 0.02620248952105048 2.999666323420407 2.995232975936059 2.998695923878332 2.981766668049834 -6.065430665718152
GFLOW: 2.09375 0.001896210649944281 0.0260034375241047 2.999668949250752 2.995271567041138 2.998706018902452 2.98190964019404 -6.069519699804192
GFLOW: 2.109375 0.001881928631445252 0.02580779862849831 2.999671527397245 2.995309462185872 2.99871593288443 2.982050097707245 -6.073550533383783
GFLOW: 2.125 0.001867897271092207 0.02561548830816191 2.999674059115628 2.995346679463805 2.998725670537992 2.982188104425191 -6.077524212639025
GFLOW: 2.140625 0.001854110171728021 0.02542642473281018 2.9996765456192 2.995383236362433 2.998735236419265 2.982323722095586 -6.081441762471862
GFLOW: 2.15625 0.001840561145978118 0.02524052866323095 2.999678988080548 2.995419149787935 2.998744634933161 2.982457010461303 -6.08530418699976
GFLOW: 2.171875 0.001827244207928023 0.02505772335135257 2.999681387633201 2.995454436088713 2.998753870339428 2.982588027339734 -6.089112470037397
GFLOW: 2.1875 0.001814153565186609 0.02487793444483836 2.999683745373215 2.995489111077817 2.998762946758455 2.982716828698396 -6.09286757556464
GFLOW: 2.203125 0.001801283611314572 0.02470108989597563 2.999686062360644 2.995523190054314 2.998771868176787 2.982843468727081 -6.096570448181338
GFLOW: 2.21875 0.001788628918598954 0.02452711987463558 2.999688339621004 2.995556687823645 2.998780638452395 2.982967999906688 -6.100222013549566
GFLOW: 2.234375 0.001776184231155598 0.02435595668509701 2.999690578146613 2.995589618717039 2.998789261319668 2.983090473074928 -6.103823178823559
GFLOW: 2.25 0.001763944458342524 0.02418753468653706 2.999692778897904 2.995621996610029 2.998797740394249 2.983210937489047 -6.107374833067879
GFLOW: 2.265625 0.001751904668468201 0.02402179021700366 2.999694942804658 2.995653834940124 2.998806079177569 2.98332944088575 -6.110877847664105
GFLOW: 2.28125 0.001740060082779647 0.02385866152069513 2.999697070767191 2.995685146723666 2.998814281061236 2.98344602953843 -6.114333076706727
GFLOW: 2.296875 0.001728406069716065 0.02369808867838181 2.999699163657489 2.995715944571929 2.998822349331216 2.983560748311903 -6.117741357388297
GFLOW: 2.3125 0.001716938139414691 0.02354001354081446 2.999701222320283 2.995746240706497 2.998830287171799 2.983673640714682 -6.121103510374198
GFLOW: 2.328125 0.001705651938456132 0.02338437966497212 2.999703247574084 2.995776046973949 2.998838097669426 2.983784748949006 -6.124420340167761
GFLOW: 2.34375 0.001694543244837331 0.02323113225301077 2.999705240212167 2.995805374859899 2.998845783816336 2.983894113958701 -6.127692635465661
GFLOW: 2.359375 0.001683607963160816 0.0230802180937817 2.999707201003519 2.995834235502409 2.998853348514052 2.984001775474956 -6.130921169503981
GFLOW: 2.375 0.001672842120029671 0.02293158550679541 2.999709130693731 2.995862639704834 2.998860794576698 2.984107772060141 -6.134106700395423
GFLOW: 2.390625 0.001662241859638152 0.02278518428851359 2.999711030005876 2.99589059794809 2.998868124734217 2.984212141149782 -6.137249971457849
GFLOW: 2.40625 0.00165180343954844 0.0226409656608587 2.999712899641326 2.995918120402395 2.998875341635423 2.984314919092748 -6.140351711534345
GFLOW: 2.421875 0.001641523226644564 0.02249888222183587 2.999714740280536 2.995945216938519 2.998882447850911 2.984416141189751 -6.143412635305174
GFLOW: 2.4375 0.001631397693255038 0.0223588878981672 2.999716552583809 2.995971897138544 2.998889445875877 2.984515841730241 -6.146433443591993
GFLOW: 2.453125 0.001621423413436139 0.02222093789984547 2.999718337192021 2.995998170306171 2.998896338132807 2.984614054027774 -6.14941482365428
GFLOW: 2.46875 0.001611597059408245 0.02208498867651673 2.999720094727312 2.996024045476593 2.998903126974018 2.984710810453933 -6.152357449478475
GFLOW: 2.484375 0.001601915398138006 0.02195099787560839 2.999721825793756 2.996049531425973 2.998909814684177 2.984806142470823 -6.155261982059849
GFLOW: 2.5 0.001592375288059628 0.02181892430212198 2.999723530977987 2.996074636680488 2.998916403482625 2.98490008066232 -6.158129069677679
GFLOW: 2.515625 0.00158297367592868 0.02168872788001473 2.999725210849825 2.996099369525042 2.998922895525669 2.984992654763964 -6.16095934816344
GFLOW: 2.53125 0.001573707593802408 0.02156036961509793 2.999726865962856 2.996123738011606 2.998929292908747 2.985083893691727 -6.163753441162596
GFLOW: 2.546875 0.001564574156140705 0.02143381155938398 2.999728496854984 2.996147749967212 2.998935597668523 2.985173825569599 -6.166511960390031
GFLOW: 2.5625 0.001555570557022249 0.02130901677681651 2.999730104048996 2.996171413001635 2.998941811784898 2.985262477756081 -6.169235505879374
GFLOW: 2.578125 0.001546694067470616 0.02118594931032263 2.99973168805305 2.996194734514756 2.998947937182928 2.98534987686964 -6.171924666226319
GFLOW: 2.59375 0.001537942032885321 0.0210645741501282 2.99973324936119 2.996217721703642 2.998953975734668 2.985436048813176 -6.17458001882612
GFLOW: 2.609375 0.00152931187057322 0.0209448572032811 2.999734788453831 2.996240381569333 2.998959929260962 2.985521018797509 -6.177202130105611
GFLOW: 2.625 0.001520801067375692 0.0208267652643287 2.999736305798189 2.996262720923367 2.998965799533147 2.985604811363995 -6.179791555749552
GFLOW: 2.640625 0.001512407177387429 0.02071026598710051 2.999737801848755 2.996284746394065 2.998971588274681 2.985687450406227 -6.182348840921935
GFLOW: 2.65625 0.001504127819762735 0.02059532785754698 2.999739277047692 2.996306464432527 2.998977297162725 2.985768959190958 -6.184874520481787
GFLOW: 2.671875 0.0014959606766056 0.02048192016758995 2.999740731825252 2.996327881318451 2.998982927829678 2.985849360378181 -6.18736911919433
GFLOW: 2.6875 0.001487903490939796 0.02037001298994076 2.999742166600173 2.99634900316568 2.998988481864595 2.985928676040476 -6.189833151936965
GFLOW: 2.703125 0.001479954064755619 0.02025957715384554 2.999743581780042 2.996369835927578 2.998993960814631 2.98600692768163 -6.192267123900741
GFLOW: 2.71875 0.001472110257129922 0.02015058422171771 2.99974497776167 2.996390385402156 2.998999366186364 2.986084136254553 -6.194671530787069
GFLOW: 2.734375 0.001464369982416317 0.02004300646662131 2.999746354931435 2.996410657237059 2.9990046994471 2.986160322178522 -6.197046859000023
GFLOW: 2.75 0.001456731208502582 0.01993681685056842 2.999747713665606 2.996430656934306 2.999009962026122 2.986235505355819 -6.199393585834222
GFLOW: 2.765625 0.001449191955132412 0.01983198900359803 2.999749054330685 2.996450389854904 2.999015155315904 2.986309705187726 -6.201712179658608
GFLOW: 2.78125 0.001441750292288775 0.01972849720360328 2.999750377283698 2.996469861223252 2.999020280673246 2.986382940589934 -6.204003100095897
GFLOW: 2.796875 0.001434404338636349 0.0196263163568762 2.99975168287251 2.996489076131415 2.999025339420413 2.986455230007449 -6.206266798198126
GFLOW: 2.8125 0.001427152260020557 0.01952542197934138 2.999752971436106 2.996508039543216 2.999030332846194 2.986526591428863 -6.208503716618344
GFLOW: 2.828125 0.001419992268020809 0.01942579017844993 2.999754243304857 2.996526756298184 2.99903526220695 2.986597042400212 -6.210714289778354
GFLOW: 2.84375 0.001412922618555816 0.01932739763570684 2.999755498800805 2.996545231115368 2.999040128727602 2.986666600038272 -6.212898944032801
GFLOW: 2.859375 0.001405941610538729 0.01923022158980693 2.999756738237916 2.996563468597008 2.999044933602596 2.986735281043416 -6.215058097829694
GFLOW: 2.875 0.001399047584580161 0.01913423982035467 2.999757961922315 2.99658147323207 2.999049677996831 2.986803101711996 -6.217192161867391
GFLOW: 2.890625 0.001392238921737102 0.01903943063214451 2.999759170152541 2.996599249399654 2.999054363046558 2.986870077948321 -6.21930153924803
GFLOW: 2.90625 0.001385514042305877 0.01894577283997958 2.999760363219767 2.996616801372292 2.999058989860234 2.986936225276185 -6.221386625627923
GFLOW: 2.921875 0.001378871404657413 0.01885324575400829 2.999761541408028 2.996634133319121 2.999063559519362 2.987001558850003 -6.223447809364248
GFLOW: 2.9375 0.001372309504113051 0.01876182916555683 2.999762704994431 2.99665124930894 2.999068073079287 2.987066093465584 -6.225485471659074
GFLOW: 2.953125 0.001365826871859413 0.01867150333344045 2.999763854249368 2.996668153313177 2.999072531569974 2.987129843570499 -6.227499986699804
GFLOW: 2.96875 0.001359422073900621 0.01858224897073317 2.999764989436708 2.996684849208729 2.999076935996762 2.987192823274124 -6.229491721797044
GFLOW: 2.984375 0.001353093710046544 0.01849404723197919 2.999766110813992 2.996701340780724 2.999081287341076 2.987255046357328 -6.231461037519232
GFLOW: 3 0.001346840412935578 0.01840687970082847 2.999767218632622 2.996717631725183 2.999085586561119 2.987316526281834 -6.233408287824457
GFLOW: 3.015625 0.001340660847090632 0.01832072837808129 2.999768313138043 2.99673372565158 2.999089834592571 2.987377276199268 -6.235333820189679
GFLOW: 3.03125 0.001334553708007047 0.01823557567012497 2.999769394569906 2.996749626085332 2.999094032349213 2.987437308959912 -6.237237975736972
GFLOW: 3.046875 0.001328517721271181 0.01815140437774885 2.999770463162238 2.99676533647019 2.999098180723559 2.987496637121142 -6.23912108935722
GFLOW: 3.0625 0.001322551641708547 0.01806819768532297 2.999771519143617 2.996780860170559 2.999102280587482 2.987555272955621 -6.240983489831285
GFLOW: 3.078125 0.001316654252560285 0.01798593915032684 2.999772562737309 2.996796200473744 2.999106332792782 2.987613228459189 -6.242825499948477
GFLOW: 3.09375 0.001310824364686968 0.01790461269321577 2.999773594161432 2.996811360592094 2.999110338171752 2.98767051535852 -6.24464743662283
GFLOW: 3.109375 0.001305060815798682 0.01782420258761123 2.999774613629098 2.996826343665119 2.999114297537737 2.987727145118519 -6.246449611006687
GFLOW: 3.125 0.00129936246971035 0.01774469345080444 2.999775621348554 2.996841152761495 2.999118211685666 2.987783128949463 -6.248232328602069
GFLOW: 3.140625 0.001293728215621426 0.01766607023456094 2.999776617523318 2.996855790881037 2.999122081392546 2.987838477813954 -6.24999588936979
GFLOW: 3.15625 0.001288156967419003 0.01758831821621555 2.999777602352311 2.996870260956575 2.999125907417975 2.987893202433602 -6.251740587836265
GFLOW: 3.171875 0.001282647663003453 0.01751142299004719 2.999778576029984 2.996884565855807 2.999129690504617 2.987947313295514 -6.253466713198192
GFLOW: 3.1875 0.001277199263635813 0.01743537045892282 2.999779538746441 2.996898708383048 2.999133431378665 2.988000820658597 -6.255174549425023
GFLOW: 3.203125 0.001271810753306069 0.01736014682620199 2.999780490687569 2.996912691280972 2.999137130750286 2.988053734559618 -6.25686437535943
GFLOW: 3.21875 0.001266481138121613 0.01728573858789174 2.999781432035129 2.996926517232248 2.999140789314062 2.988106064819116 -6.258536464815761
GFLOW: 3.234375 0.001261209445715098 0.01721213252504317 2.99978236296689 2.996940188861158 2.999144407749411 2.988157821047097 -6.260191086676372
GFLOW: 3.25 0.001255994724671029 0.01713931569638114 2.999783283656733 2.996953708735173 2.999147986720994 2.988209012648566 -6.26182850498619
GFLOW: 3.265625 0.001250836043970352 0.01706727543115925 2.99978419427475 2.996967079366421 2.999151526879095 2.988259648828904 -6.263448979045276
GFLOW: 3.28125 0.00124573249245248 0.01699599932223141 2.999785094987344 2.996980303213188 2.999155028860022 2.98830973859903 -6.265052763499573
GFLOW: 3.296875 0.001240683178294039 0.01692547521933343 2.999785985957336 2.996993382681307 2.999158493286472 2.988359290780462 -6.266640108429883
GFLOW: 3.3125 0.00123568722850381 0.01685569122256628 2.999786867344054 2.997006320125541 2.999161920767886 2.98840831401018 -6.268211259438946
GFLOW: 3.328125 0.001230743788433241 0.01678663567607487 2.999787739303425 2.997019117850909 2.999165311900793 2.988456816745362 -6.269766457737003
GFLOW: 3.34375 0.001225852021302023 0.01671829716191522 2.999788601988068 2.997031778113971 2.999168667269157 2.988504807267978 -6.271305940225451
GFLOW: 3.359375 0.001221011107738146 0.01665066449410362 2.999789455547381 2.99704430312409 2.999171987444689 2.988552293689228 -6.272829939579059
GFLOW: 3.375 0.001216220245332002 0.01658372671284178 2.999790300127607 2.997056695044612 2.999175272987179 2.98859928395387 -6.27433868432635
GFLOW: 3.390625 0.001211478648203964 0.01651747307891129 2.99979113587195 2.997068955994084 2.99917852444479 2.988645785844398 -6.275832398928568
GFLOW: 3.40625 0.001206785546585015 0.01645189306823313 2.999791962920619 2.997081088047354 2.999181742354355 2.988691806985107 -6.277311303857161
GFLOW: 3.421875 0.001202140186410005 0.01638697636658461 2.999792781410931 2.99709309323669 2.999184927241684 2.988737354846036 -6.27877561566946
GFLOW: 3.4375 0.001197541828923006 0.01632271286447046 2.999793591477362 2.997104973552863 2.99918807962181 2.9887824367468 -6.280225547083211
GFLOW: 3.453125 0.00119298975029449 0.01625909265214158 2.999794393251637 2.997116730946156 2.999191199999295 2.988827059860285 -6.281661307049494
GFLOW: 3.46875 0.001188483241249758 0.0161961060147572 2.999795186862791 2.997128367327411 2.999194288868468 2.988871231216279 -6.283083100824244
GFLOW: 3.484375 0.001184021606708418 0.0161337434276855 2.999795972437239 2.997139884568972 2.999197346713695 2.988914957704957 -6.284491130038454
GFLOW: 3.5 0.00117960416543437 0.01607199555193811 2.999796750098837 2.99715128450566 2.999200374009607 2.988958246080279 -6.285885592766853
GFLOW: 3.515625 0.001175230249696072 0.01601085322973407 2.999797519968956 2.997162568935687 2.999203371221376 2.989001102963301 -6.287266683595616
GFLOW: 3.53125 0.001170899204936663 0.01595030748018942 2.999798282166529 2.997173739621545 2.999206338804916 2.989043534845378 -6.288634593688249
GFLOW: 3.546875 0.001166610389453649 0.01589034949512758 2.999799036808128 2.997184798290884 2.999209277207116 2.989085548091273 -6.289989510850809
GFLOW: 3.5625 0.001162363174087834 0.01583097063500733 2.999799784008008 2.997195746637362 2.999212186866064 2.989127148942197 -6.291331619595317
GFLOW: 3.578125 0.001158156941921171 0.01577216242496442 2.99980052387817 2.997206586321446 2.999215068211273 2.989168343518743 -6.292661101202409
GFLOW: 3.59375 0.001153991087983241 0.01571391655096256 2.99980125652841 2.997217318971236 2.99921792166386 2.989209137823737 -6.293978133782425
GFLOW: 3.609375 0.001149865018966111 0.01565622485605144 2.999801982066383 2.997227946183202 2.999220747636771 2.989249537745021 -6.295282892335651
GFLOW: 3.625 0.001145778152947246 0.01559907933672723 2.99980270059765 2.997238469522979 2.999223546534966 2.989289549058178 -6.296575548811138
GFLOW: 3.640625 0.001141729919120236 0.01554247213939316 2.999803412225715 2.997248890526066 2.999226318755619 2.989329177429107 -6.297856272164655
GFLOW: 3.65625 0.001137719757533105 0.01548639555691649 2.999804117052101 2.997259210698555 2.99922906468829 2.989368428416623 -6.299125228415313
GFLOW: 3.671875 0.001133747118833914 0.01543084202527896 2.999804815176371 2.997269431517811 2.999231784715114 2.989407307474923 -6.300382580701302
GFLOW: 3.6875 0.001129811464023452 0.0153758041203182 2.999805506696191 2.997279554433153 2.999234479210965 2.989445819955984 -6.301628489334342
GFLOW: 3.703125 0.001125912264214795 0.01532127455455649 2.999806191707364 2.997289580866489 2.999237148543642 2.989483971111946 -6.302863111853438
GFLOW: 3.71875 0.001122049000399477 0.01526724617411501 2.999806870303883 2.997299512212983 2.999239793074024 2.989521766097363 -6.304086603077283
GFLOW: 3.734375 0.0011182211632201 0.01521371195571032 2.999807542577965 2.997309349841633 2.999242413156221 2.989559209971447 -6.305299115155884
GFLOW: 3.75 0.001114428252749152 0.01516066500373071 2.999808208620102 2.997319095095908 2.999245009137746 2.989596307700213 -6.306500797621053
GFLOW: 3.765625 0.001110669778273878 0.0151080985473901 2.999808868519084 2.997328749294309 2.999247581359671 2.989633064158616 -6.307691797436145
GFLOW: 3.78125 0.001106945258086939 0.01505600593795708 2.999809522362065 2.997338313730948 2.999250130156747 2.989669484132564 -6.308872259044628
GFLOW: 3.796875 0.001103254219282768 0.01500438064605664 2.999810170234567 2.997347789676098 2.999252655857577 2.98970557232092 -6.310042324417898
GFLOW: 3.8125 0.001099596197559384 0.01495321625904271 2.99981081222055 2.997357178376724 2.999255158784742 2.989741333337463 -6.311202133102171
GFLOW: 3.828125 0.001095970737025482 0.01490250647843873 2.99981144840242 2.997366481057028 2.99925763925493 2.98977677171276 -6.312351822264362
GFLOW: 3.84375 0.001092377390012741 0.01485224511744532 2.999812078861082 2.997375698918935 2.99926009757909 2.989811891896004 -6.313491526737257
GFLOW: 3.859375 0.001088815716893029 0.01480242609851169 2.999812703675975 2.997384833142606 2.999262534062535 2.989846698256821 -6.314621379063745
GFLOW: 3.875 0.001085285285900497 0.01475304345097015 2.999813322925087 2.997393884886911 2.99926494900509 2.989881195086998 -6.315741509540245
GFLOW: 3.890625 0.001081785672958331 0.01470409130873074 2.999813936685001 2.997402855289908 2.999267342701198 2.989915386602199 -6.316852046259285
GFLOW: 3.90625 0.001078316461510053 0.01465556390803531 2.999814545030929 2.997411745469294 2.999269715440046 2.989949276943604 -6.317953115151267
GFLOW: 3.921875 0.001074877242355217 0.01460745558526806 2.999815148036731 2.997420556522859 2.999272067505679 2.989982870179538 -6.319044840025564
GFLOW: 3.9375 0.001071467613489395 0.01455976077482224 2.999815745774955 2.99742928952891 2.999274399177107 2.990016170307034 -6.320127342610572
GFLOW: 3.953125 0.001068087179948269 0.01451247400702001 2.999816338316859 2.997437945546706 2.999276710728437 2.990049181253362 -6.321200742593354
GFLOW: 3.96875 0.001064735553655779 0.01446558990608514 2.999816925732447 2.997446525616862 2.999279002428944 2.990081906877534 -6.322265157658186
GFLOW: 3.984375 0.001061412353276144 0.01441910318816604 2.999817508090485 2.997455030761762 2.999281274543203 2.990114350971746 -6.323320703524718
GFLOW: 4 0.001058117204069669 0.01437300865940833 2.999818085458534 2.997463461985938 2.999283527331186 2.990146517262802 -6.324367493985001
