beta x0 w0 w0_err xi_g xi_g_err
6900 177 0.925431 0.000689 1.841213 0.001840
6900 179 0.922505 0.000768 1.864472 0.002509
6900 181 0.920280 0.000812 1.881810 0.001979
6900 183 0.915458 0.000971 1.901521 0.002826
6900 185 0.912489 0.000674 1.926705 0.002308
7000 177 1.022041 0.000508 1.857403 0.002008
7000 179 1.017943 0.000844 1.885213 0.003932
7000 181 1.014567 0.000905 1.902849 0.004258
7000 183 1.011388 0.000486 1.926321 0.002240
7000 185 1.008453 0.001148 1.943300 0.003659
7100 177 1.127651 0.001277 1.871072 0.005680
7100 179 1.122338 0.001339 1.901272 0.005030
7100 181 1.119628 0.000820 1.922364 0.004442
7100 183 1.114324 0.001202 1.942879 0.004467
7100 185 1.112467 0.001135 1.959277 0.002719
7200 177 1.242082 0.001485 1.880647 0.004358
7200 179 1.235003 0.001323 1.913679 0.002999
7200 181 1.232329 0.001356 1.927696 0.005489
7200 183 1.227431 0.001639 1.951512 0.007242
7200 185 1.223374 0.001538 1.975701 0.005304
7300 177 1.365370 0.002632 1.879510 0.005957
7300 179 1.358800 0.001373 1.913185 0.007233
7300 181 1.347628 0.002420 1.946000 0.004728
7300 183 1.344924 0.002107 1.963006 0.007725
7300 185 1.342898 0.002686 1.982429 0.006562
