1 5.195255e-01
2 2.066600e-01
3 1.368798e-01
4 1.011888e-01
5 9.987760e-02
6 9.274562e-02
7 8.909419e-02
8 8.544234e-02
9 7.593640e-02
10 8.099964e-02
11 7.809517e-02
12 7.937121e-02
13 7.022662e-02
14 5.654579e-02
15 7.102162e-02
16 6.987637e-02
17 7.634627e-02
18 7.585324e-02
19 6.903064e-02
20 7.185768e-02
21 5.692361e-02
22 5.352470e-02
23 6.093747e-02
24 6.176030e-02
25 7.070366e-02
26 5.466694e-02
27 6.189817e-02
28 6.522706e-02
29 6.776620e-02
30 6.106627e-02
31 6.628623e-02
32 6.533767e-02
33 5.913690e-02
34 6.030139e-02
35 5.368728e-02
36 7.093506e-02
37 6.131014e-02
38 5.175172e-02
39 6.745554e-02
40 7.321155e-02
41 6.734357e-02
42 7.173157e-02
43 6.162883e-02
44 6.332835e-02
45 5.823167e-02
46 5.777672e-02
47 6.027098e-02
48 6.760211e-02
49 6.443354e-02
50 6.883989e-02
51 6.749019e-02
52 5.514661e-02
53 5.880379e-02
54 5.492005e-02
55 5.163248e-02
56 6.244725e-02
57 5.528405e-02
58 5.587946e-02
59 4.422775e-02
60 5.924591e-02
61 5.589214e-02
62 4.848561e-02
63 6.200197e-02
64 5.624310e-02
65 5.581453e-02
66 6.290036e-02
67 6.086762e-02
68 6.093239e-02
69 6.096252e-02
70 5.621094e-02
71 4.678474e-02
72 5.325999e-02
73 5.297982e-02
74 5.393022e-02
75 5.255190e-02
76 6.632473e-02
77 5.318145e-02
78 4.824477e-02
79 6.018371e-02
80 5.205142e-02
