1 2.873070e-01
2 1.432532e-01
3 1.168842e-01
4 9.152674e-02
5 9.773672e-02
6 6.670157e-02
7 7.434431e-02
8 8.272820e-02
9 8.880486e-02
10 8.926505e-02
11 8.220697e-02
12 8.958469e-02
13 8.208575e-02
14 6.789017e-02
15 6.761745e-02
16 6.287973e-02
17 6.347674e-02
18 7.222935e-02
19 6.931123e-02
20 6.824945e-02
21 6.734955e-02
22 6.704596e-02
23 7.901897e-02
24 6.845745e-02
25 6.439393e-02
26 5.964921e-02
27 4.722363e-02
28 6.251054e-02
29 5.515644e-02
30 7.172049e-02
31 6.618720e-02
32 7.224421e-02
33 4.987042e-02
34 6.156659e-02
35 5.815793e-02
36 6.427430e-02
37 5.801869e-02
38 4.187710e-02
39 5.789293e-02
40 6.792292e-02
41 7.064828e-02
42 5.183442e-02
43 5.824086e-02
44 5.979277e-02
45 6.347656e-02
46 6.133773e-02
47 6.915683e-02
48 6.145655e-02
49 6.149160e-02
50 6.206742e-02
51 5.135173e-02
52 5.767563e-02
53 6.053133e-02
54 5.067179e-02
55 6.966192e-02
56 6.789119e-02
57 7.229213e-02
58 6.570524e-02
59 6.188393e-02
60 5.948219e-02
61 5.187324e-02
62 6.848712e-02
63 7.281575e-02
64 6.269269e-02
65 5.412627e-02
66 6.389198e-02
67 6.932371e-02
68 5.869124e-02
69 5.593720e-02
70 4.936906e-02
71 4.988718e-02
72 7.136374e-02
73 5.843125e-02
74 5.019600e-02
75 6.144663e-02
76 6.250691e-02
77 4.064992e-02
78 6.212775e-02
79 5.623247e-02
80 5.796984e-02
