1 1.904384e-01
2 1.149876e-01
3 1.099315e-01
4 8.019350e-02
5 9.141461e-02
6 8.604542e-02
7 6.329979e-02
8 7.693689e-02
9 6.982917e-02
10 6.700838e-02
11 8.009610e-02
12 5.599828e-02
13 6.825717e-02
14 6.873349e-02
15 7.327426e-02
16 6.753969e-02
17 6.863844e-02
18 5.082113e-02
19 6.991531e-02
20 5.784321e-02
21 5.053058e-02
22 6.739045e-02
23 6.238857e-02
24 4.354864e-02
25 5.812347e-02
26 6.468507e-02
27 5.189598e-02
28 5.129220e-02
29 5.507058e-02
30 4.894187e-02
31 6.430022e-02
32 5.745113e-02
33 5.614723e-02
34 5.164297e-02
35 4.964152e-02
36 6.710933e-02
37 4.428615e-02
38 5.948034e-02
39 5.010347e-02
40 6.389529e-02
41 5.623411e-02
42 5.847915e-02
43 5.533570e-02
44 5.364097e-02
45 6.166866e-02
46 6.039757e-02
47 5.709630e-02
48 4.835664e-02
49 6.530520e-02
50 5.862706e-02
51 4.352164e-02
52 4.782167e-02
53 4.297586e-02
54 6.267763e-02
55 5.423324e-02
56 5.819995e-02
57 5.195864e-02
58 4.696525e-02
59 4.306903e-02
60 4.573971e-02
61 4.292965e-02
62 5.481185e-02
63 5.765050e-02
64 5.063776e-02
65 4.596636e-02
66 5.437436e-02
67 5.207247e-02
68 5.551006e-02
69 5.238681e-02
70 4.569028e-02
71 5.418924e-02
72 4.786430e-02
73 5.165824e-02
74 5.330703e-02
75 5.173896e-02
76 4.466197e-02
77 4.926936e-02
78 4.920274e-02
79 4.577264e-02
80 4.119615e-02
