1 2.062635e+00
2 1.955935e+00
3 1.939975e+00
4 1.937306e+00
5 1.935285e+00
6 1.935005e+00
7 1.935117e+00
8 1.935111e+00
9 1.935780e+00
10 1.935068e+00
11 1.935264e+00
12 1.934201e+00
13 1.934492e+00
14 1.935438e+00
15 1.934681e+00
16 1.935322e+00
17 1.933684e+00
18 1.934820e+00
19 1.935509e+00
20 1.936251e+00
21 1.934952e+00
22 1.936196e+00
23 1.935195e+00
24 1.935343e+00
25 1.935174e+00
26 1.935239e+00
27 1.934866e+00
28 1.934742e+00
29 1.934455e+00
30 1.936355e+00
31 1.935890e+00
32 1.935361e+00
33 1.934957e+00
34 1.934872e+00
35 1.935748e+00
36 1.935653e+00
37 1.935081e+00
38 1.934423e+00
39 1.935362e+00
40 1.935263e+00
