1 1.972652e+00
2 1.941465e+00
3 1.936756e+00
4 1.936026e+00
5 1.936393e+00
6 1.935851e+00
7 1.934703e+00
8 1.935066e+00
9 1.934776e+00
10 1.935396e+00
11 1.935126e+00
12 1.934982e+00
13 1.934408e+00
14 1.934324e+00
15 1.934731e+00
16 1.933925e+00
17 1.934066e+00
18 1.934550e+00
19 1.934188e+00
20 1.934549e+00
21 1.934519e+00
22 1.934182e+00
23 1.936067e+00
24 1.935678e+00
25 1.934889e+00
26 1.934699e+00
27 1.934637e+00
28 1.935498e+00
29 1.935980e+00
30 1.934385e+00
31 1.936298e+00
32 1.935045e+00
33 1.935307e+00
34 1.935545e+00
35 1.936106e+00
36 1.935474e+00
37 1.934603e+00
38 1.934437e+00
39 1.935351e+00
40 1.934629e+00
