1 2.252529e+00
2 2.027608e+00
3 1.962507e+00
4 1.943883e+00
5 1.937643e+00
6 1.935631e+00
7 1.935176e+00
8 1.936021e+00
9 1.934226e+00
10 1.935525e+00
11 1.935335e+00
12 1.935781e+00
13 1.935089e+00
14 1.934399e+00
15 1.934967e+00
16 1.934666e+00
17 1.933702e+00
18 1.934491e+00
19 1.934906e+00
20 1.934821e+00
21 1.935039e+00
22 1.934974e+00
23 1.935276e+00
24 1.935304e+00
25 1.934626e+00
26 1.934917e+00
27 1.934236e+00
28 1.933929e+00
29 1.933843e+00
30 1.935206e+00
31 1.934889e+00
32 1.933936e+00
33 1.935574e+00
34 1.935035e+00
35 1.935097e+00
36 1.935146e+00
37 1.934825e+00
38 1.933586e+00
39 1.934575e+00
40 1.935075e+00
